119.875, 5.125, 29.96, 0, 0
489360,2003,1,19200,23.7,31.4,2.6,3.8,-99.0
489360,2003,2,17100,23.7,31.1,2.6,2.6,-99.0
489360,2003,3,19000,23.8,30.9,2.7,3.0,-99.0
489360,2003,4,16300,23.4,30.5,2.5,3.3,-99.0
489360,2003,5,18200,23.5,30.9,2.4,4.1,1.7
489360,2003,6,19300,23.5,30.3,2.5,2.4,-99.0
489360,2003,7,19700,23.7,30.7,2.6,2.8,-99.0
489360,2003,8,19700,23.8,30.8,2.6,3.1,-99.0
489360,2003,9,19200,23.8,31.2,2.6,4.0,-99.0
489360,2003,10,20900,23.7,30.7,2.6,2.9,-99.0
489360,2003,11,13000,23.5,30.7,2.6,2.4,30.4
489360,2003,12,18000,23.2,30.5,2.4,3.6,-99.0
489360,2003,13,20500,23.5,30.7,2.2,4.3,-99.0
489360,2003,14,13500,23.6,30.9,2.3,2.9,2.2
489360,2003,15,11800,23.6,30.6,2.5,4.4,29.5
489360,2003,16,19800,23.8,30.9,2.5,4.5,0.7
489360,2003,17,12100,24.0,30.7,2.5,5.5,-99.0
489360,2003,18,17800,23.7,30.9,2.5,4.6,-99.0
489360,2003,19,21500,23.8,30.6,2.4,5.3,-99.0
489360,2003,20,22000,23.7,30.4,2.4,6.1,-99.0
489360,2003,21,20600,23.5,30.8,2.3,6.7,2.9
489360,2003,22,23000,23.6,31.1,2.4,3.6,-99.0
489360,2003,23,21400,23.2,31.1,2.2,5.6,-99.0
489360,2003,24,23600,23.2,31.0,2.2,4.7,0.1
489360,2003,25,22000,23.6,31.4,2.5,4.5,-99.0
489360,2003,26,22600,23.5,31.2,2.5,2.5,5.7
489360,2003,27,23400,23.8,31.5,2.6,3.5,2.7
489360,2003,28,20500,24.3,31.6,2.6,3.6,-99.0
489360,2003,29,19300,24.1,30.7,2.6,4.9,-99.0
489360,2003,30,21200,24.3,30.4,2.5,5.6,-99.0
489360,2003,31,18100,24.0,30.8,2.6,5.0,7.0
489360,2003,32,20300,24.1,31.0,2.6,4.7,-99.0
489360,2003,33,19600,24.2,30.6,2.6,5.2,-99.0
489360,2003,34,14100,23.7,30.3,2.5,6.6,-99.0
489360,2003,35,21000,23.4,30.5,2.3,6.2,-99.0
489360,2003,36,19300,23.6,29.9,2.3,7.0,-99.0
489360,2003,37,9800,23.8,29.9,2.4,5.0,2.2
489360,2003,38,20200,23.5,30.2,2.4,3.9,-99.0
489360,2003,39,21400,23.7,31.2,2.5,2.2,6.3
489360,2003,40,23100,24.0,31.1,2.6,2.7,-99.0
489360,2003,41,19800,23.7,31.0,2.6,2.3,-99.0
489360,2003,42,16500,23.7,30.7,2.6,2.5,-99.0
489360,2003,43,23500,23.4,31.5,2.1,5.3,-99.0
489360,2003,44,25200,23.7,31.7,2.2,4.0,-99.0
489360,2003,45,15300,23.9,31.1,2.5,3.3,6.8
489360,2003,46,24700,23.8,31.1,2.3,4.0,-99.0
489360,2003,47,20600,23.7,30.9,2.4,4.0,-99.0
489360,2003,48,24500,24.0,31.2,2.6,3.6,10.2
489360,2003,49,24600,23.7,31.4,2.5,1.8,-99.0
489360,2003,50,21300,23.3,30.4,2.4,2.9,4.3
489360,2003,51,18700,23.5,30.3,2.3,4.6,3.1
489360,2003,52,18300,23.6,31.1,2.4,4.8,-99.0
489360,2003,53,16100,24.0,31.1,2.5,4.2,18.3
489360,2003,54,15000,23.7,31.2,2.5,2.9,-99.0
489360,2003,55,22900,23.6,30.9,2.2,4.2,-99.0
489360,2003,56,24800,23.3,31.1,2.1,4.6,1.3
489360,2003,57,22600,23.5,31.1,2.1,4.4,-99.0
489360,2003,58,17800,23.2,30.9,2.3,3.5,-99.0
489360,2003,59,21400,24.0,30.9,2.5,3.0,-99.0
489360,2003,60,20700,23.8,30.5,2.5,1.9,-99.0
489360,2003,61,21600,24.3,31.6,2.6,2.0,-99.0
489360,2003,62,24200,23.7,31.8,2.5,1.5,2.1
489360,2003,63,24300,23.3,32.6,2.4,1.6,1.1
489360,2003,64,24000,23.8,32.2,2.2,3.3,-99.0
489360,2003,65,21500,23.7,32.2,2.5,1.2,-99.0
489360,2003,66,22200,24.1,32.0,2.7,2.3,3.1
489360,2003,67,23900,24.2,32.5,2.6,2.7,-99.0
489360,2003,68,26000,23.6,32.0,2.5,4.1,1.2
489360,2003,69,15600,23.3,31.1,2.4,4.7,-99.0
489360,2003,70,22100,23.7,31.4,2.2,5.9,1.8
489360,2003,71,25300,24.2,31.4,2.2,5.7,1.6
489360,2003,72,24500,23.7,31.1,2.2,4.2,-99.0
489360,2003,73,17300,23.7,31.6,2.2,3.9,11.6
489360,2003,74,17900,23.9,30.8,2.4,4.2,-99.0
489360,2003,75,21900,24.2,31.4,2.5,3.9,4.4
489360,2003,76,23900,23.5,31.4,2.2,4.1,-99.0
489360,2003,77,24100,23.7,31.3,2.3,2.8,-99.0
489360,2003,78,22000,23.6,30.7,2.4,1.8,34.0
489360,2003,79,18500,23.9,30.8,2.6,2.4,2.3
489360,2003,80,18600,23.5,31.3,2.3,3.7,-99.0
489360,2003,81,25400,23.9,30.9,2.5,3.8,-99.0
489360,2003,82,16400,23.7,30.6,2.6,2.0,-99.0
489360,2003,83,22200,23.5,30.5,2.6,1.7,-99.0
489360,2003,84,20500,24.1,31.0,2.6,2.5,3.6
489360,2003,85,22200,24.1,31.7,2.6,3.0,-99.0
489360,2003,86,14300,23.9,30.8,2.7,2.0,-99.0
489360,2003,87,15100,23.8,31.1,2.7,1.1,-99.0
489360,2003,88,15500,23.6,30.9,2.6,1.5,12.8
489360,2003,89,18800,23.9,31.6,2.6,2.1,11.1
489360,2003,90,17600,23.6,31.6,2.6,1.7,-99.0
489360,2003,91,22300,23.5,31.6,2.4,3.4,-99.0
489360,2003,92,23700,23.8,31.9,2.4,2.2,0.6
489360,2003,93,25600,23.9,32.2,2.5,1.8,-99.0
489360,2003,94,25600,23.8,32.1,2.5,1.8,-99.0
489360,2003,95,25500,23.8,32.0,2.6,1.3,-99.0
489360,2003,96,23700,23.7,31.8,2.7,0.8,-99.0
489360,2003,97,25400,23.8,32.7,2.7,1.8,0.2
489360,2003,98,26000,24.3,32.7,2.5,2.1,-99.0
489360,2003,99,25500,24.1,32.5,2.4,2.6,-99.0
489360,2003,100,24600,24.4,32.7,2.5,2.1,-99.0
489360,2003,101,23100,24.0,32.6,2.6,1.4,-99.0
489360,2003,102,26400,23.7,32.4,2.2,1.8,-99.0
489360,2003,103,25600,24.1,32.2,2.3,1.1,-99.0
489360,2003,104,24900,23.8,32.7,2.3,1.6,-99.0
489360,2003,105,24400,23.9,33.0,2.2,2.1,-99.0
489360,2003,106,26200,23.9,32.8,2.4,1.5,-99.0
489360,2003,107,26500,24.3,32.3,2.5,1.0,-99.0
489360,2003,108,25800,24.5,32.6,2.4,1.3,3.9
489360,2003,109,20300,24.1,32.4,2.4,1.6,-99.0
489360,2003,110,24000,24.0,32.4,2.2,1.7,-99.0
489360,2003,111,26200,24.4,32.8,2.1,1.9,7.8
489360,2003,112,25000,24.3,32.9,2.1,2.3,-99.0
489360,2003,113,25600,24.5,32.7,2.3,2.2,2.4
489360,2003,114,26000,24.3,32.8,2.4,2.2,-99.0
489360,2003,115,24100,24.1,32.4,2.3,1.4,23.2
489360,2003,116,24700,24.0,33.0,2.3,2.4,-99.0
489360,2003,117,25600,24.2,32.7,2.2,2.0,4.3
489360,2003,118,24300,24.7,32.8,2.3,3.2,-99.0
489360,2003,119,25700,24.8,33.0,2.4,1.2,7.8
489360,2003,120,25400,24.5,32.5,2.3,2.6,-99.0
489360,2003,121,24800,24.7,32.8,2.3,2.7,-99.0
489360,2003,122,23100,24.8,32.8,2.6,1.5,-99.0
489360,2003,123,22100,24.4,32.9,2.7,1.3,-99.0
489360,2003,124,23100,23.9,31.4,2.6,1.7,-99.0
489360,2003,125,21600,24.4,33.0,2.7,1.2,-99.0
489360,2003,126,23100,25.0,33.0,2.5,1.7,0.3
489360,2003,127,20900,25.0,32.7,2.6,3.7,-99.0
489360,2003,128,17500,24.8,32.8,2.8,3.2,-99.0
489360,2003,129,20200,24.6,31.6,2.8,2.2,9.1
489360,2003,130,11000,24.1,31.6,2.7,1.6,79.3
489360,2003,131,10900,23.8,30.2,2.7,1.3,23.0
489360,2003,132,18000,23.8,31.3,2.2,2.2,-99.0
489360,2003,133,16900,24.1,31.1,2.6,1.8,-99.0
489360,2003,134,14000,23.9,31.6,2.6,1.4,1.4
489360,2003,135,20900,23.9,31.2,2.3,2.2,69.5
489360,2003,136,8900,23.6,31.3,2.5,2.9,1.7
489360,2003,137,11600,23.8,30.0,2.4,3.2,0.6
489360,2003,138,12900,23.9,31.2,2.5,3.8,-99.0
489360,2003,139,18700,23.8,31.9,2.5,4.6,-99.0
489360,2003,140,14400,23.7,31.4,2.5,3.8,-99.0
489360,2003,141,22400,24.0,32.2,2.5,3.1,-99.0
489360,2003,142,12600,24.0,32.2,2.6,2.0,13.8
489360,2003,143,25000,24.2,32.5,2.6,3.9,-99.0
489360,2003,144,21000,24.3,32.9,2.5,4.5,-99.0
489360,2003,145,22900,24.4,33.1,2.5,4.7,0.1
489360,2003,146,20600,24.8,32.8,2.4,5.8,-99.0
489360,2003,147,22400,25.0,32.9,2.6,6.1,-99.0
489360,2003,148,20400,25.1,33.0,2.7,5.9,-99.0
489360,2003,149,18100,24.6,32.6,2.5,6.2,5.5
489360,2003,150,21000,24.5,33.2,2.4,7.1,-99.0
489360,2003,151,21700,24.3,33.1,2.4,5.2,-99.0
489360,2003,152,11900,23.9,32.4,2.5,3.8,-99.0
489360,2003,153,23700,24.1,33.1,2.7,3.5,-99.0
489360,2003,154,23100,24.2,32.9,2.5,4.0,-99.0
489360,2003,155,24900,24.4,33.2,2.6,2.8,-99.0
489360,2003,156,25400,23.9,32.7,2.4,3.6,3.4
489360,2003,157,25100,24.1,32.6,2.3,4.0,-99.0
489360,2003,158,25000,23.6,32.8,2.1,3.3,-99.0
489360,2003,159,25500,23.8,32.4,2.2,2.6,-99.0
489360,2003,160,25200,24.1,32.6,2.4,3.5,-99.0
489360,2003,161,25600,23.6,32.7,2.3,2.8,-99.0
489360,2003,162,24300,23.7,31.8,2.5,2.4,-99.0
489360,2003,163,11400,23.5,30.2,2.3,1.5,5.5
489360,2003,164,17700,23.4,31.3,2.2,1.4,-99.0
489360,2003,165,22300,23.6,31.3,2.4,1.1,9.7
489360,2003,166,6400,23.9,31.4,2.5,1.1,25.6
489360,2003,167,5400,24.1,31.6,2.5,3.4,48.2
489360,2003,168,20200,23.8,32.5,2.4,3.6,-99.0
489360,2003,169,21300,24.0,32.2,2.5,2.3,0.0
489360,2003,170,24600,23.8,32.3,2.4,2.1,-99.0
489360,2003,171,19700,23.7,31.9,2.4,2.6,26.4
489360,2003,172,23500,23.5,31.3,2.5,1.7,-99.0
489360,2003,173,21900,23.4,31.4,2.5,2.0,0.5
489360,2003,174,18400,23.3,31.6,2.4,2.6,-99.0
489360,2003,175,17800,23.6,31.3,2.7,2.1,-99.0
489360,2003,176,17400,23.6,31.7,2.5,1.2,-99.0
489360,2003,177,23200,23.4,31.6,2.4,2.1,9.1
489360,2003,178,14000,23.3,30.6,2.6,2.3,3.0
489360,2003,179,15000,23.2,29.9,2.6,1.3,1.6
489360,2003,180,18600,23.1,30.3,2.6,0.9,4.4
489360,2003,181,23700,23.2,31.1,2.6,0.7,-99.0
489360,2003,182,23300,23.6,31.5,2.6,1.6,0.8
489360,2003,183,20400,23.5,31.3,2.4,2.3,0.6
489360,2003,184,22600,23.1,31.0,2.3,2.1,-99.0
489360,2003,185,21600,23.0,31.3,2.6,1.7,17.4
489360,2003,186,12900,23.1,30.8,2.3,2.1,5.5
489360,2003,187,9000,23.1,29.9,2.3,2.1,12.1
489360,2003,188,17200,23.3,30.5,2.3,1.7,1.3
489360,2003,189,13200,23.2,30.3,2.3,2.9,25.0
489360,2003,190,9800,23.1,29.9,2.4,1.9,4.0
489360,2003,191,24200,23.5,32.1,2.5,2.4,-99.0
489360,2003,192,23100,23.6,32.2,2.5,2.2,-99.0
489360,2003,193,18200,23.3,31.6,2.6,1.3,4.5
489360,2003,194,18300,23.3,30.9,2.6,0.9,-99.0
489360,2003,195,17500,23.4,30.7,2.5,3.2,7.5
489360,2003,196,9100,23.3,30.7,2.2,4.7,5.0
489360,2003,197,22000,23.5,31.4,2.4,2.0,-99.0
489360,2003,198,7800,23.8,30.6,2.5,3.2,7.5
489360,2003,199,12600,23.3,30.4,2.4,4.7,-99.0
489360,2003,200,12200,23.7,31.1,2.3,5.5,1.8
489360,2003,201,14600,23.7,31.2,2.3,5.1,-99.0
489360,2003,202,15700,23.7,31.4,2.3,5.5,11.3
489360,2003,203,18300,23.7,31.8,2.2,7.4,-99.0
489360,2003,204,19600,23.6,31.9,2.2,6.1,-99.0
489360,2003,205,20100,23.7,31.7,2.2,2.7,-99.0
489360,2003,206,22400,23.6,31.9,2.3,2.1,0.1
489360,2003,207,15200,23.6,31.5,2.3,3.6,0.9
489360,2003,208,25000,23.7,32.2,2.4,3.1,-99.0
489360,2003,209,25600,23.4,32.3,2.3,2.5,-99.0
489360,2003,210,25200,23.3,31.1,2.5,2.0,-99.0
489360,2003,211,14000,23.2,30.0,2.3,3.2,12.5
489360,2003,212,21700,23.6,31.6,2.4,3.1,-99.0
489360,2003,213,19400,23.8,32.0,2.5,5.5,2.9
489360,2003,214,14000,24.2,31.6,2.5,6.0,-99.0
489360,2003,215,19100,23.9,32.4,2.4,6.9,0.5
489360,2003,216,15400,23.7,31.6,2.4,5.9,-99.0
489360,2003,217,21000,23.8,32.4,2.4,5.3,-99.0
489360,2003,218,23300,23.6,33.0,2.3,5.7,-99.0
489360,2003,219,22300,23.7,32.3,2.4,3.8,-99.0
489360,2003,220,24300,23.9,32.9,2.5,2.6,0.5
489360,2003,221,25900,24.4,32.8,2.5,2.5,-99.0
489360,2003,222,24300,23.8,31.9,2.5,2.1,0.4
489360,2003,223,21900,23.9,32.1,2.5,2.0,0.6
489360,2003,224,20700,23.8,31.9,2.4,1.9,-99.0
489360,2003,225,17100,24.0,32.0,2.6,1.7,8.3
489360,2003,226,23800,23.9,31.1,2.7,2.0,-99.0
489360,2003,227,25000,23.8,31.3,2.5,1.6,-99.0
489360,2003,228,23300,23.9,31.9,2.5,2.5,2.0
489360,2003,229,23400,23.5,31.7,2.5,1.7,-99.0
489360,2003,230,14700,23.4,30.9,2.5,1.2,1.3
489360,2003,231,9700,23.5,30.1,2.5,1.5,12.4
489360,2003,232,23000,23.4,31.9,2.5,2.3,-99.0
489360,2003,233,25700,23.8,32.6,2.4,2.3,-99.0
489360,2003,234,21300,24.1,32.2,2.4,3.0,0.5
489360,2003,235,22300,23.8,32.0,2.2,5.0,-99.0
489360,2003,236,14200,23.7,31.3,2.5,2.7,-99.0
489360,2003,237,21600,24.0,32.0,2.5,3.4,-99.0
489360,2003,238,14100,24.1,30.8,2.7,2.0,39.6
489360,2003,239,19100,23.6,31.7,2.3,3.2,16.8
489360,2003,240,22900,23.4,31.7,2.2,5.7,-99.0
489360,2003,241,25900,23.4,32.0,2.3,3.9,2.4
489360,2003,242,25300,23.3,32.1,2.3,0.8,-99.0
489360,2003,243,23000,23.8,31.1,2.3,1.4,0.3
489360,2003,244,12800,23.6,31.0,2.3,3.7,5.4
489360,2003,245,17200,23.9,32.1,2.4,4.9,-99.0
489360,2003,246,17600,23.4,30.2,2.5,2.7,1.1
489360,2003,247,17800,23.3,31.2,2.6,2.1,2.6
489360,2003,248,24200,23.7,32.0,2.5,1.4,-99.0
489360,2003,249,24700,23.8,31.4,2.5,1.4,1.1
489360,2003,250,20900,23.9,32.2,2.3,4.8,-99.0
489360,2003,251,21600,23.9,32.1,2.4,3.9,-99.0
489360,2003,252,18400,23.5,31.4,2.4,2.4,-99.0
489360,2003,253,13600,23.4,31.0,2.5,2.5,-99.0
489360,2003,254,16800,23.5,31.5,2.6,2.1,1.5
489360,2003,255,15500,23.6,31.4,2.6,1.6,-99.0
489360,2003,256,13700,23.0,31.4,2.5,1.3,-99.0
489360,2003,257,21900,23.1,31.7,2.5,1.6,0.9
489360,2003,258,23600,23.4,31.4,2.2,1.6,-99.0
489360,2003,259,18000,23.2,31.8,2.2,2.3,1.2
489360,2003,260,16000,23.2,30.3,2.3,4.2,40.6
489360,2003,261,17600,23.8,31.8,2.4,3.3,1.2
489360,2003,262,19700,23.6,31.3,2.5,2.6,-99.0
489360,2003,263,15500,23.3,30.6,2.4,4.2,4.8
489360,2003,264,11900,23.0,30.7,2.4,2.0,10.3
489360,2003,265,19200,23.3,31.4,2.5,1.3,-99.0
489360,2003,266,24500,24.2,29.7,2.3,3.0,3.7
489360,2003,267,23000,23.5,31.7,2.2,4.1,-99.0
489360,2003,268,25400,23.7,32.0,2.5,2.6,-99.0
489360,2003,269,21700,23.5,30.9,2.5,1.3,-99.0
489360,2003,270,24000,23.8,31.6,2.5,2.2,-99.0
489360,2003,271,19400,24.1,32.0,2.3,2.8,-99.0
489360,2003,272,19500,23.8,31.3,2.3,2.0,-99.0
489360,2003,273,19300,23.8,31.4,2.3,2.9,24.3
489360,2003,274,19700,23.8,31.5,2.5,1.2,-99.0
489360,2003,275,19700,24.0,32.2,2.5,2.1,-99.0
489360,2003,276,23200,23.9,31.2,2.5,1.6,-99.0
489360,2003,277,19800,24.0,31.1,2.6,1.2,14.5
489360,2003,278,24500,23.5,31.9,2.6,1.2,-99.0
489360,2003,279,24500,23.8,32.1,2.6,1.7,1.3
489360,2003,280,26100,23.9,31.8,2.7,1.1,-99.0
489360,2003,281,15600,23.8,31.5,2.6,1.0,5.5
489360,2003,282,6600,23.5,31.0,2.6,1.6,28.2
489360,2003,283,19100,23.5,30.4,2.4,2.8,-99.0
489360,2003,284,19500,23.6,31.4,2.3,3.1,-99.0
489360,2003,285,10800,23.4,30.3,2.3,2.3,12.5
489360,2003,286,20200,23.0,31.0,2.1,2.3,-99.0
489360,2003,287,14400,23.3,30.3,2.4,2.2,0.8
489360,2003,288,6100,23.5,30.6,2.2,2.6,15.4
489360,2003,289,22500,23.7,31.0,2.2,2.0,-99.0
489360,2003,290,12900,23.6,30.8,2.3,3.7,3.4
489360,2003,291,16300,23.3,30.9,2.4,2.5,-99.0
489360,2003,292,11300,23.4,31.1,2.5,1.8,-99.0
489360,2003,293,20600,23.5,31.4,2.3,2.8,-99.0
489360,2003,294,20100,23.2,31.7,2.1,2.8,-99.0
489360,2003,295,21000,23.2,31.5,2.0,2.3,-99.0
489360,2003,296,14600,23.5,30.9,2.0,4.1,3.1
489360,2003,297,18500,23.5,31.5,2.1,4.1,19.4
489360,2003,298,4400,23.5,31.1,2.3,1.8,64.1
489360,2003,299,13300,23.3,29.9,2.4,1.6,-99.0
489360,2003,300,23700,23.4,31.3,2.5,1.4,-99.0
489360,2003,301,24300,23.7,31.6,2.4,2.5,-99.0
489360,2003,302,21200,24.3,32.0,2.5,1.8,-99.0
489360,2003,303,24100,23.8,31.7,2.6,0.8,-99.0
489360,2003,304,25200,23.6,31.7,2.2,1.1,-99.0
489360,2003,305,24100,23.7,32.1,2.2,2.4,-99.0
489360,2003,306,23600,23.9,32.1,2.4,1.5,0.3
489360,2003,307,20900,23.9,31.5,2.5,2.0,23.9
489360,2003,308,22200,23.7,32.2,2.3,1.2,-99.0
489360,2003,309,23800,24.1,31.9,2.4,2.4,-99.0
489360,2003,310,24700,23.8,31.8,2.2,3.0,2.2
489360,2003,311,22800,23.7,31.7,2.1,1.6,-99.0
489360,2003,312,23100,23.9,31.6,2.1,1.2,-99.0
489360,2003,313,23400,24.1,32.1,2.1,1.5,-99.0
489360,2003,314,21600,23.8,31.4,2.2,1.3,-99.0
489360,2003,315,20300,23.7,31.5,2.0,1.4,-99.0
489360,2003,316,21600,23.9,32.0,2.3,1.8,-99.0
489360,2003,317,21100,24.0,31.3,2.6,1.9,0.8
489360,2003,318,22000,24.0,31.9,2.1,4.0,-99.0
489360,2003,319,23500,24.0,31.8,2.2,3.8,-99.0
489360,2003,320,21000,23.9,32.3,2.3,3.1,6.0
489360,2003,321,16500,23.8,31.4,2.6,1.7,-99.0
489360,2003,322,22200,23.7,31.7,2.4,1.1,-99.0
489360,2003,323,20300,23.9,31.5,2.1,1.7,-99.0
489360,2003,324,22900,24.1,31.5,2.1,3.1,2.5
489360,2003,325,21100,23.9,31.5,2.1,2.1,-99.0
489360,2003,326,21600,23.7,31.9,2.4,1.9,-99.0
489360,2003,327,20500,23.9,32.2,2.4,2.1,3.6
489360,2003,328,20100,24.0,31.9,2.5,1.6,0.1
489360,2003,329,21000,24.0,31.9,2.6,3.2,-99.0
489360,2003,330,22800,24.1,31.7,2.7,2.2,-99.0
489360,2003,331,18600,23.6,31.3,2.5,1.9,9.3
489360,2003,332,20500,23.4,31.1,2.3,2.2,-99.0
489360,2003,333,17900,23.4,31.0,2.4,1.7,10.1
489360,2003,334,23400,23.2,31.8,2.2,2.5,-99.0
489360,2003,335,23500,23.7,31.5,2.3,3.6,-99.0
489360,2003,336,19400,23.5,30.6,2.5,2.3,-99.0
489360,2003,337,18200,23.5,30.5,2.3,5.2,-99.0
489360,2003,338,18300,23.7,30.5,2.3,4.6,-99.0
489360,2003,339,16500,23.8,30.5,2.7,3.5,1.5
489360,2003,340,17000,24.0,31.0,2.6,2.5,3.6
489360,2003,341,8800,23.8,30.4,2.7,1.2,25.2
489360,2003,342,21400,24.0,30.9,2.5,4.4,1.1
489360,2003,343,17400,24.3,30.6,2.4,4.8,-99.0
489360,2003,344,16600,23.8,30.6,2.7,2.8,1.2
489360,2003,345,13300,23.8,30.7,2.7,3.1,0.4
489360,2003,346,11900,23.9,30.7,2.7,2.8,-99.0
489360,2003,347,20500,23.8,31.3,2.7,1.5,-99.0
489360,2003,348,16300,23.3,30.8,2.6,1.4,2.6
489360,2003,349,16100,23.5,31.3,2.5,2.1,-99.0
489360,2003,350,10900,24.0,30.2,2.7,2.0,-99.0
489360,2003,351,8500,23.9,29.2,2.6,4.1,15.5
489360,2003,352,12000,23.6,29.0,2.4,5.9,14.4
489360,2003,353,4600,23.2,28.6,2.3,6.3,9.6
489360,2003,354,15600,23.7,30.2,2.4,6.7,39.7
489360,2003,355,1400,23.9,29.1,2.5,5.5,86.3
489360,2003,356,9400,23.8,29.0,2.4,6.5,3.6
489360,2003,357,15800,24.2,29.1,2.5,5.2,-99.0
489360,2003,358,14000,23.8,29.5,2.5,3.2,0.4
489360,2003,359,15700,23.3,30.1,2.3,3.6,1.8
489360,2003,360,18800,23.0,30.5,2.1,5.2,2.4
489360,2003,361,20900,23.1,30.2,2.1,6.2,2.5
489360,2003,362,17700,23.6,29.8,2.5,5.0,1.2
489360,2003,363,15200,23.8,30.2,2.6,4.8,-99.0
489360,2003,364,19600,24.0,30.2,2.7,2.1,-99.0
489360,2003,365,20100,23.8,30.4,2.7,2.6,-99.0
