119.875, 5.125, 29.96, 0, 0
489360,2009,1,21100,23.6,31.6,2.4,2.1,-99.0
489360,2009,2,20200,23.6,31.2,2.5,2.0,-99.0
489360,2009,3,11100,23.5,30.2,2.6,1.7,27.6
489360,2009,4,9900,23.3,30.3,2.5,2.5,54.3
489360,2009,5,15800,23.2,31.1,2.4,2.7,-99.0
489360,2009,6,19400,23.2,30.6,2.5,2.5,4.6
489360,2009,7,11300,23.7,31.8,2.6,2.1,59.1
489360,2009,8,18100,23.8,31.5,2.6,1.5,-99.0
489360,2009,9,20200,23.5,32.3,2.5,1.1,-99.0
489360,2009,10,14900,23.3,30.7,2.2,1.3,7.8
489360,2009,11,18200,23.3,30.4,2.3,1.2,-99.0
489360,2009,12,6900,22.9,29.3,2.4,2.2,119.5
489360,2009,13,9600,22.7,28.0,2.5,3.0,-99.0
489360,2009,14,10700,23.2,28.5,2.6,4.5,-99.0
489360,2009,15,12900,23.6,28.3,2.6,4.7,-99.0
489360,2009,16,17200,23.3,29.6,2.5,4.7,-99.0
489360,2009,17,17000,23.4,30.6,2.5,4.4,0.2
489360,2009,18,17200,23.9,31.1,2.6,3.1,-99.0
489360,2009,19,15200,23.6,30.4,2.5,2.1,6.3
489360,2009,20,14500,23.6,30.1,2.5,1.9,3.0
489360,2009,21,17200,23.4,30.9,2.5,1.2,13.7
489360,2009,22,21700,23.5,31.4,2.3,1.7,-99.0
489360,2009,23,17600,23.7,32.1,2.4,2.0,2.9
489360,2009,24,17300,23.4,30.9,2.5,2.4,-99.0
489360,2009,25,21400,23.8,32.0,2.6,2.4,-99.0
489360,2009,26,21000,23.8,30.7,2.4,1.2,-99.0
489360,2009,27,9300,23.6,29.7,2.5,1.4,2.4
489360,2009,28,19500,23.3,31.0,2.4,1.1,7.8
489360,2009,29,21800,23.7,31.2,2.4,0.8,-99.0
489360,2009,30,22500,23.8,31.6,2.4,1.8,0.0
489360,2009,31,22000,23.8,30.3,2.5,2.6,-99.0
489360,2009,32,17600,23.7,30.6,2.5,1.4,-99.0
489360,2009,33,19400,23.7,30.6,2.6,3.5,-99.0
489360,2009,34,11800,23.8,30.4,2.6,3.3,11.4
489360,2009,35,6600,23.0,29.5,2.5,3.3,29.1
489360,2009,36,14700,23.2,30.1,2.5,2.8,14.0
489360,2009,37,19400,22.9,28.7,2.4,3.6,-99.0
489360,2009,38,20400,22.9,30.8,2.3,3.9,-99.0
489360,2009,39,15400,23.4,29.8,2.4,2.1,6.2
489360,2009,40,19600,23.3,30.5,2.4,2.5,-99.0
489360,2009,41,22400,23.4,31.4,2.4,1.7,-99.0
489360,2009,42,22100,23.6,30.9,2.5,2.9,7.6
489360,2009,43,16800,23.3,30.5,2.4,3.6,-99.0
489360,2009,44,14600,23.4,30.5,2.4,1.9,-99.0
489360,2009,45,16300,23.5,31.2,2.4,1.5,3.6
489360,2009,46,21500,23.2,30.3,2.4,1.4,-99.0
489360,2009,47,24200,23.3,31.3,2.3,1.6,-99.0
489360,2009,48,25100,23.0,31.8,2.2,1.9,-99.0
489360,2009,49,17900,23.7,31.8,2.3,1.7,-99.0
489360,2009,50,22800,23.7,32.3,2.4,2.0,-99.0
489360,2009,51,8900,23.6,31.4,2.5,2.3,16.7
489360,2009,52,15100,23.8,31.6,2.6,2.0,-99.0
489360,2009,53,10000,23.4,30.3,2.5,1.3,118.0
489360,2009,54,23000,23.3,31.1,2.4,2.1,-99.0
489360,2009,55,19900,23.6,30.6,2.4,1.2,3.5
489360,2009,56,15900,23.5,31.1,2.4,1.6,4.3
489360,2009,57,19700,23.9,30.2,2.5,1.4,5.5
489360,2009,58,18900,23.8,31.0,2.6,2.7,16.7
489360,2009,59,23100,23.8,30.4,2.4,2.1,-99.0
489360,2009,60,11100,23.7,31.3,2.5,2.3,36.9
489360,2009,61,18600,23.4,30.1,2.5,1.9,-99.0
489360,2009,62,21800,23.8,31.8,2.4,2.1,9.2
489360,2009,63,21500,23.5,31.4,2.4,1.8,-99.0
489360,2009,64,16000,23.5,31.7,2.5,2.4,9.9
489360,2009,65,23700,23.7,32.1,2.3,1.8,-99.0
489360,2009,66,18900,23.8,32.1,2.5,2.4,-99.0
489360,2009,67,23100,23.6,32.0,2.5,1.9,-99.0
489360,2009,68,14100,23.2,30.9,2.4,1.3,2.0
489360,2009,69,17000,23.5,32.2,2.4,0.7,-99.0
489360,2009,70,15800,23.3,30.8,2.3,1.4,10.9
489360,2009,71,14000,22.9,31.2,2.2,0.7,-99.0
489360,2009,72,10300,23.0,29.4,2.2,1.0,2.7
489360,2009,73,17500,23.1,30.6,2.4,1.8,2.1
489360,2009,74,18300,23.0,31.1,2.4,1.2,7.7
489360,2009,75,23400,23.2,31.8,2.4,1.4,-99.0
489360,2009,76,23800,23.5,31.7,2.4,1.6,-99.0
489360,2009,77,25500,23.4,31.8,2.3,1.9,-99.0
489360,2009,78,22500,23.5,31.8,2.3,2.0,-99.0
489360,2009,79,25000,23.3,31.9,2.2,1.0,-99.0
489360,2009,80,24400,23.8,32.0,2.2,1.2,10.4
489360,2009,81,24500,23.7,32.0,2.1,1.0,-99.0
489360,2009,82,23400,23.3,31.6,2.2,1.8,-99.0
489360,2009,83,25400,23.5,31.6,2.2,1.4,0.9
489360,2009,84,25500,23.4,31.1,2.1,1.5,-99.0
489360,2009,85,21800,22.9,32.0,2.1,1.8,-99.0
489360,2009,86,23500,23.2,32.4,2.2,1.8,-99.0
489360,2009,87,25400,23.3,32.3,2.3,2.0,-99.0
489360,2009,88,24900,23.5,32.2,2.3,2.0,-99.0
489360,2009,89,23500,24.1,32.4,2.5,1.5,-99.0
489360,2009,90,19900,24.0,32.1,2.5,2.4,15.0
489360,2009,91,24500,24.3,31.9,2.5,2.8,-99.0
489360,2009,92,24800,24.4,32.0,2.5,3.2,-99.0
489360,2009,93,24700,24.7,32.3,2.6,3.1,-99.0
489360,2009,94,12600,24.1,31.6,2.6,3.5,29.0
489360,2009,95,20700,23.5,30.2,2.3,3.2,11.8
489360,2009,96,17400,23.7,31.1,2.4,1.7,2.5
489360,2009,97,23300,23.8,31.8,2.4,1.5,-99.0
489360,2009,98,21900,24.2,31.9,2.5,2.1,-99.0
489360,2009,99,22300,24.2,32.0,2.6,2.3,-99.0
489360,2009,100,24200,24.8,32.4,2.6,2.6,-99.0
489360,2009,101,16000,24.6,31.6,2.6,2.5,16.9
489360,2009,102,12100,24.1,31.1,2.6,2.3,20.7
489360,2009,103,10100,24.0,30.0,2.7,1.6,7.9
489360,2009,104,21200,24.0,31.4,2.6,1.4,-99.0
489360,2009,105,14500,24.3,31.3,2.7,1.6,6.7
489360,2009,106,15800,24.2,31.9,2.3,1.0,-99.0
489360,2009,107,11500,23.8,30.3,2.4,1.2,13.6
489360,2009,108,14200,23.7,31.4,2.4,1.2,1.1
489360,2009,109,24100,23.9,31.7,2.5,1.2,-99.0
489360,2009,110,13300,24.2,31.7,2.6,2.2,12.5
489360,2009,111,15900,23.7,31.7,2.5,1.9,12.4
489360,2009,112,24800,24.0,32.2,2.5,1.7,-99.0
489360,2009,113,23500,23.7,32.8,2.5,1.9,-99.0
489360,2009,114,21600,23.4,32.1,2.4,1.4,-99.0
489360,2009,115,24300,23.9,32.3,2.4,1.5,-99.0
489360,2009,116,25300,23.5,32.1,2.3,1.6,-99.0
489360,2009,117,24700,23.4,32.6,2.4,2.2,-99.0
489360,2009,118,24500,24.0,32.8,2.4,1.2,-99.0
489360,2009,119,20500,23.9,32.2,2.4,1.3,-99.0
489360,2009,120,22500,23.8,31.7,2.4,1.2,-99.0
489360,2009,121,22500,24.0,31.9,2.5,1.7,-99.0
489360,2009,122,17400,24.3,32.3,2.6,1.8,-99.0
489360,2009,123,17900,23.9,32.7,2.5,1.8,4.8
489360,2009,124,20400,23.3,31.7,2.4,1.6,-99.0
489360,2009,125,20200,23.7,32.3,2.2,1.1,2.4
489360,2009,126,24700,24.1,33.1,2.3,1.2,-99.0
489360,2009,127,24600,24.1,33.3,2.3,1.3,-99.0
489360,2009,128,24300,24.0,32.4,2.3,1.1,0.1
489360,2009,129,22100,24.1,33.0,2.4,1.9,-99.0
489360,2009,130,23500,23.8,32.1,2.4,1.9,-99.0
489360,2009,131,17000,24.2,32.0,2.5,2.3,5.1
489360,2009,132,19400,24.0,31.9,2.5,1.1,14.3
489360,2009,133,8900,24.1,31.1,2.5,0.9,105.9
489360,2009,134,20500,23.7,32.3,2.4,1.4,-99.0
489360,2009,135,22300,24.0,32.2,2.4,2.2,-99.0
489360,2009,136,22300,23.8,32.8,2.5,1.6,1.6
489360,2009,137,10600,23.8,29.7,2.6,1.9,63.9
489360,2009,138,13600,23.5,29.7,2.6,2.0,5.1
489360,2009,139,12800,23.1,30.1,2.5,1.7,1.6
489360,2009,140,15000,23.4,30.8,2.4,1.6,-99.0
489360,2009,141,21700,23.5,32.1,2.4,1.4,0.0
489360,2009,142,21800,23.9,31.5,2.5,1.4,-99.0
489360,2009,143,22200,23.5,31.9,2.4,1.7,0.0
489360,2009,144,21900,23.7,31.6,2.4,1.7,-99.0
489360,2009,145,22100,24.2,32.5,2.5,2.2,1.2
489360,2009,146,23000,24.4,33.0,2.6,1.6,-99.0
489360,2009,147,21900,24.4,32.6,2.6,1.2,-99.0
489360,2009,148,23500,23.9,32.1,2.4,1.2,-99.0
489360,2009,149,22800,23.9,31.7,2.3,1.2,-99.0
489360,2009,150,22000,24.5,31.9,2.5,1.6,-99.0
489360,2009,151,18500,24.2,32.0,2.6,1.6,-99.0
489360,2009,152,20700,24.1,31.3,2.6,3.0,1.7
489360,2009,153,22700,23.8,33.4,2.5,3.5,-99.0
489360,2009,154,11400,23.9,31.7,2.5,2.3,24.4
489360,2009,155,23800,23.7,32.9,2.3,2.0,-99.0
489360,2009,156,22400,23.8,32.9,2.5,2.2,-99.0
489360,2009,157,22700,24.4,33.1,2.6,2.7,13.6
489360,2009,158,12800,24.2,32.0,2.6,2.5,-99.0
489360,2009,159,15500,23.5,32.7,2.5,2.3,-99.0
489360,2009,160,18200,23.3,32.1,2.4,2.4,-99.0
489360,2009,161,16200,23.6,31.5,2.4,2.3,2.4
489360,2009,162,20300,23.8,32.0,2.4,2.2,-99.0
489360,2009,163,23700,23.9,32.9,2.4,1.8,0.7
489360,2009,164,24300,23.8,31.7,2.4,1.5,-99.0
489360,2009,165,22200,23.8,32.9,2.5,2.7,1.6
489360,2009,166,17400,23.5,31.6,2.5,2.4,-99.0
489360,2009,167,15500,23.3,32.6,2.4,2.7,-99.0
489360,2009,168,18100,23.2,32.1,2.4,1.7,3.9
489360,2009,169,21900,23.1,31.8,2.1,1.8,-99.0
489360,2009,170,21900,23.7,32.6,2.4,2.5,-99.0
489360,2009,171,22600,23.6,32.5,2.3,1.9,0.1
489360,2009,172,19700,23.8,32.3,2.3,1.1,20.2
489360,2009,173,19900,23.6,32.2,2.3,1.4,-99.0
489360,2009,174,22800,23.8,32.4,2.4,1.6,-99.0
489360,2009,175,13300,23.6,32.1,2.4,2.3,2.6
489360,2009,176,9300,23.4,32.1,2.4,2.7,2.9
489360,2009,177,16800,23.6,31.4,2.4,1.6,-99.0
489360,2009,178,14700,23.7,31.3,2.4,1.8,-99.0
489360,2009,179,22700,23.5,32.4,2.4,1.8,0.0
489360,2009,180,23900,23.7,32.4,2.4,1.6,-99.0
489360,2009,181,20000,23.4,31.8,2.4,1.7,0.9
489360,2009,182,13700,23.5,31.3,2.5,1.7,1.4
489360,2009,183,20900,23.7,32.0,2.4,1.5,3.6
489360,2009,184,23100,23.6,32.6,2.3,1.5,-99.0
489360,2009,185,23100,23.3,31.5,2.2,1.1,-99.0
489360,2009,186,16700,23.3,32.0,2.4,1.1,16.1
489360,2009,187,13400,23.3,30.4,2.4,1.8,20.1
489360,2009,188,17400,23.3,31.5,2.3,1.4,-99.0
489360,2009,189,23000,23.6,32.8,2.3,2.4,1.3
489360,2009,190,10700,23.6,31.1,2.5,3.3,14.9
489360,2009,191,10200,23.3,31.3,2.4,3.5,10.7
489360,2009,192,20200,23.2,31.7,2.2,4.3,-99.0
489360,2009,193,19600,23.5,31.9,2.2,3.8,-99.0
489360,2009,194,20900,23.6,31.7,2.3,2.4,0.5
489360,2009,195,13200,24.1,31.2,2.4,2.5,3.5
489360,2009,196,22100,23.8,32.6,2.5,3.7,-99.0
489360,2009,197,12900,23.7,32.0,2.4,4.0,6.7
489360,2009,198,8900,23.5,30.9,2.5,3.2,10.7
489360,2009,199,22500,23.2,32.0,2.4,2.0,-99.0
489360,2009,200,22900,23.3,32.9,2.2,1.8,-99.0
489360,2009,201,17400,23.4,31.8,2.4,2.3,0.2
489360,2009,202,17600,23.5,32.1,2.4,2.5,0.3
489360,2009,203,23200,23.7,32.1,2.4,1.5,2.1
489360,2009,204,22800,23.6,31.9,2.4,1.1,0.6
489360,2009,205,22600,23.3,31.3,2.4,1.5,0.2
489360,2009,206,17600,23.4,31.0,2.4,2.2,2.6
489360,2009,207,17300,23.1,31.0,2.4,3.0,10.1
489360,2009,208,19100,23.3,31.5,2.4,3.5,19.3
489360,2009,209,11200,24.1,31.5,2.4,4.6,9.0
489360,2009,210,23100,23.8,31.9,2.2,3.8,-99.0
489360,2009,211,18200,23.7,30.6,2.4,3.7,-99.0
489360,2009,212,19700,24.1,31.2,2.4,3.9,-99.0
489360,2009,213,23400,25.2,32.4,2.5,5.1,-99.0
489360,2009,214,23500,25.6,32.9,2.6,5.5,-99.0
489360,2009,215,24100,24.8,33.4,2.5,4.3,-99.0
489360,2009,216,23800,24.7,33.4,2.6,3.5,1.5
489360,2009,217,23400,23.7,33.5,2.4,4.0,-99.0
489360,2009,218,19800,23.3,32.4,2.5,4.0,10.0
489360,2009,219,18600,23.6,32.5,2.5,3.6,-99.0
489360,2009,220,21200,23.8,31.8,2.5,3.8,-99.0
489360,2009,221,23800,24.0,33.0,2.6,3.2,-99.0
489360,2009,222,23600,23.9,33.4,2.5,2.7,-99.0
489360,2009,223,18900,23.6,33.2,2.4,1.0,-99.0
489360,2009,224,23100,23.5,32.3,2.4,1.4,-99.0
489360,2009,225,23800,24.3,33.0,2.5,2.4,-99.0
489360,2009,226,23700,24.1,33.0,2.4,2.1,-99.0
489360,2009,227,21700,24.3,32.0,2.3,1.8,-99.0
489360,2009,228,17600,23.6,32.1,2.2,1.4,11.3
489360,2009,229,23900,23.0,32.7,2.2,1.6,-99.0
489360,2009,230,22600,23.1,32.5,2.2,1.9,-99.0
489360,2009,231,24600,23.4,33.5,2.2,1.7,-99.0
489360,2009,232,24400,23.5,33.4,2.3,1.4,-99.0
489360,2009,233,21000,23.3,31.9,2.2,2.0,1.1
489360,2009,234,20900,23.4,32.1,2.3,2.5,-99.0
489360,2009,235,18100,23.3,31.9,2.4,2.1,3.5
489360,2009,236,20000,23.3,31.5,2.4,2.1,3.6
489360,2009,237,18900,23.5,31.6,2.4,2.3,7.1
489360,2009,238,22400,23.4,32.2,2.4,2.7,-99.0
489360,2009,239,12600,23.5,31.0,2.3,2.6,0.3
489360,2009,240,23200,23.6,32.7,2.3,1.4,21.3
489360,2009,241,16500,23.5,31.8,2.4,1.0,-99.0
489360,2009,242,23100,23.4,32.4,2.3,1.3,-99.0
489360,2009,243,22300,23.4,32.9,2.4,2.5,3.0
489360,2009,244,22400,23.1,32.0,2.4,2.9,-99.0
489360,2009,245,17500,23.4,32.0,2.5,2.8,0.1
489360,2009,246,16400,23.5,32.5,2.5,3.4,-99.0
489360,2009,247,20100,24.6,32.7,2.7,3.4,1.5
489360,2009,248,18400,24.1,32.5,2.7,4.2,-99.0
489360,2009,249,22700,24.4,32.5,2.5,4.0,0.8
489360,2009,250,20600,24.0,33.3,2.3,3.3,-99.0
489360,2009,251,22700,23.9,33.1,2.3,2.6,-99.0
489360,2009,252,22800,23.8,32.7,2.4,3.3,-99.0
489360,2009,253,24400,23.7,33.1,2.5,3.0,0.8
489360,2009,254,19000,23.6,32.8,2.4,2.3,-99.0
489360,2009,255,24900,24.0,32.7,2.4,2.3,-99.0
489360,2009,256,25000,23.9,33.3,2.3,2.3,-99.0
489360,2009,257,24300,23.8,33.2,2.2,1.9,-99.0
489360,2009,258,24800,23.8,33.3,2.2,1.6,-99.0
489360,2009,259,24600,23.7,33.2,2.2,1.0,-99.0
489360,2009,260,24300,23.5,33.2,2.0,0.7,-99.0
489360,2009,261,24700,23.9,33.5,2.1,1.5,-99.0
489360,2009,262,23500,23.6,32.5,2.3,2.2,15.9
489360,2009,263,18200,22.9,31.5,2.4,2.3,-99.0
489360,2009,264,11200,23.0,29.6,2.4,1.9,0.6
489360,2009,265,18000,23.6,32.0,2.4,3.1,-99.0
489360,2009,266,24600,23.8,32.8,2.4,3.2,-99.0
489360,2009,267,18900,24.2,32.6,2.5,3.3,-99.0
489360,2009,268,17400,23.4,32.0,2.4,2.9,24.6
489360,2009,269,9600,22.7,29.2,2.3,3.2,3.8
489360,2009,270,18900,23.3,31.8,2.3,4.3,-99.0
489360,2009,271,21600,24.4,32.6,2.6,3.5,-99.0
489360,2009,272,23800,24.1,32.7,2.6,3.2,-99.0
489360,2009,273,18700,23.6,32.8,2.4,1.5,1.8
489360,2009,274,23400,23.1,32.7,2.2,0.9,-99.0
489360,2009,275,22200,23.8,32.8,2.5,2.4,-99.0
489360,2009,276,21000,24.2,32.5,2.6,2.7,-99.0
489360,2009,277,15800,23.8,32.2,2.5,2.7,3.1
489360,2009,278,18600,24.1,33.0,2.5,2.7,1.7
489360,2009,279,21300,23.6,32.8,2.5,2.6,7.3
489360,2009,280,4700,23.2,29.0,2.5,2.6,44.9
489360,2009,281,12700,23.3,30.7,2.4,3.2,-99.0
489360,2009,282,24600,23.2,32.6,2.3,1.8,0.2
489360,2009,283,18300,22.9,31.0,2.3,1.8,-99.0
489360,2009,284,24900,23.0,32.2,2.2,1.1,-99.0
489360,2009,285,23500,23.6,32.3,2.2,1.5,-99.0
489360,2009,286,9500,23.5,31.5,2.5,2.7,90.9
489360,2009,287,18600,22.9,30.6,2.4,1.9,8.2
489360,2009,288,20500,22.9,32.1,2.4,3.2,-99.0
489360,2009,289,24100,23.2,32.4,2.3,3.2,-99.0
489360,2009,290,23400,22.9,31.8,2.1,1.9,0.5
489360,2009,291,22800,23.4,32.4,2.2,1.7,-99.0
489360,2009,292,23800,23.4,32.9,2.2,2.0,1.0
489360,2009,293,23500,23.3,32.2,2.1,1.2,2.1
489360,2009,294,23500,23.3,32.6,2.1,1.5,-99.0
489360,2009,295,23400,23.6,32.8,2.2,1.0,-99.0
489360,2009,296,22400,23.5,32.3,2.3,1.2,-99.0
489360,2009,297,21600,23.7,32.7,2.4,1.2,0.1
489360,2009,298,20100,23.1,32.7,2.3,1.1,0.3
489360,2009,299,24000,23.4,32.5,2.4,2.5,-99.0
489360,2009,300,20200,23.6,30.9,2.5,2.2,-99.0
489360,2009,301,22200,23.6,32.2,2.4,1.6,-99.0
489360,2009,302,19600,22.9,31.3,2.3,2.0,-99.0
489360,2009,303,21800,23.0,32.2,2.2,1.0,-99.0
489360,2009,304,20400,23.4,31.2,2.2,1.0,-99.0
489360,2009,305,20500,23.1,32.4,2.1,1.1,-99.0
489360,2009,306,22300,23.4,32.5,2.2,2.5,1.2
489360,2009,307,22000,23.7,32.7,2.4,2.5,-99.0
489360,2009,308,21100,24.0,32.4,2.4,2.1,8.8
489360,2009,309,18500,24.0,32.2,2.5,2.1,-99.0
489360,2009,310,23700,24.0,33.1,2.4,2.3,-99.0
489360,2009,311,18300,24.1,32.7,2.6,2.0,2.6
489360,2009,312,16700,24.0,31.9,2.6,1.9,-99.0
489360,2009,313,22000,23.6,33.0,2.4,1.4,-99.0
489360,2009,314,15900,23.9,31.6,2.2,1.7,-99.0
489360,2009,315,17200,23.8,31.6,2.2,2.2,0.2
489360,2009,316,17100,24.1,32.5,2.5,1.9,0.2
489360,2009,317,19100,24.3,32.7,2.6,1.2,-99.0
489360,2009,318,9800,23.9,31.7,2.6,1.5,-99.0
489360,2009,319,20400,23.5,31.2,2.4,1.9,-99.0
489360,2009,320,13800,23.6,30.8,2.5,1.8,25.9
489360,2009,321,4400,23.2,30.0,2.5,2.9,45.1
489360,2009,322,7300,23.5,30.8,2.4,2.4,26.2
489360,2009,323,10300,23.1,30.7,2.4,1.1,0.7
489360,2009,324,17700,23.3,30.5,2.5,1.5,1.1
489360,2009,325,21000,23.4,31.2,2.4,1.5,-99.0
489360,2009,326,21800,23.3,31.4,2.4,2.5,-99.0
489360,2009,327,20100,23.7,31.4,2.4,2.6,-99.0
489360,2009,328,11600,23.7,31.1,2.6,2.9,18.7
489360,2009,329,7900,23.8,30.9,2.6,2.1,8.8
489360,2009,330,12800,23.6,31.4,2.5,1.3,4.6
489360,2009,331,14800,23.5,31.6,2.4,1.3,7.2
489360,2009,332,21600,23.5,32.0,2.2,0.9,-99.0
489360,2009,333,22200,23.3,31.5,2.3,1.9,-99.0
489360,2009,334,19400,23.3,31.7,2.4,2.6,-99.0
489360,2009,335,20600,22.8,30.8,2.2,3.3,1.8
489360,2009,336,19500,22.6,31.3,2.1,2.8,-99.0
489360,2009,337,21200,22.8,31.7,2.1,2.7,-99.0
489360,2009,338,20600,23.1,31.5,2.1,2.6,0.8
489360,2009,339,18700,23.0,31.1,2.1,1.8,-99.0
489360,2009,340,21300,23.2,31.2,2.2,1.8,-99.0
489360,2009,341,20000,23.3,30.9,2.1,1.9,1.3
489360,2009,342,22200,23.3,31.7,2.1,3.3,4.1
489360,2009,343,21800,23.5,32.1,2.2,3.0,1.1
489360,2009,344,22500,23.2,32.5,2.3,2.4,-99.0
489360,2009,345,22200,23.6,32.3,2.3,1.4,-99.0
489360,2009,346,17500,24.1,31.8,2.5,2.6,-99.0
489360,2009,347,19400,23.9,31.8,2.5,2.1,7.4
489360,2009,348,21000,23.7,31.7,2.5,2.3,-99.0
489360,2009,349,21700,23.8,32.1,2.5,2.5,-99.0
489360,2009,350,20200,23.8,32.1,2.4,2.4,-99.0
489360,2009,351,21000,23.5,32.1,2.4,2.6,-99.0
489360,2009,352,21100,23.4,31.9,2.4,2.5,5.8
489360,2009,353,7100,23.6,30.3,2.5,3.5,11.1
489360,2009,354,11600,23.5,30.6,2.5,3.4,3.3
489360,2009,355,9300,23.2,30.1,2.4,2.4,13.0
489360,2009,356,19100,23.0,31.5,2.4,3.3,-99.0
489360,2009,357,20900,23.7,31.5,2.4,2.9,-99.0
489360,2009,358,18300,24.5,31.5,2.5,3.0,0.1
489360,2009,359,17300,24.1,31.7,2.5,3.2,4.0
489360,2009,360,16800,23.9,31.3,2.4,3.4,-99.0
489360,2009,361,21800,23.7,31.8,2.3,2.7,-99.0
489360,2009,362,18300,23.5,31.4,2.3,3.1,-99.0
489360,2009,363,19400,23.7,31.4,2.5,2.5,-99.0
489360,2009,364,20400,23.8,31.6,2.6,1.0,-99.0
489360,2009,365,19600,23.8,31.5,2.4,1.7,-99.0
