119.875, 5.125, 29.96, 0, 0
489360,2010,1,21000,24.1,32.3,2.6,3.4,-99.0
489360,2010,2,19900,24.4,31.7,2.6,2.9,-99.0
489360,2010,3,20900,24.1,32.1,2.5,2.6,-99.0
489360,2010,4,22000,23.9,32.2,2.4,2.9,-99.0
489360,2010,5,20800,23.6,32.1,2.3,2.5,-99.0
489360,2010,6,17800,23.9,31.9,2.4,2.8,-99.0
489360,2010,7,14800,24.0,31.7,2.6,3.4,-99.0
489360,2010,8,18900,23.6,31.7,2.5,3.7,-99.0
489360,2010,9,20100,23.7,31.3,2.4,1.5,-99.0
489360,2010,10,18000,23.5,30.8,2.2,0.7,0.8
489360,2010,11,17000,23.3,30.6,2.3,1.8,-99.0
489360,2010,12,4400,23.3,29.8,2.4,3.0,25.6
489360,2010,13,15700,23.5,30.7,2.5,4.3,-99.0
489360,2010,14,8500,23.8,29.4,2.6,3.2,26.2
489360,2010,15,13600,23.3,28.4,2.5,2.1,-99.0
489360,2010,16,9300,23.2,29.3,2.5,2.3,-99.0
489360,2010,17,10600,23.4,28.8,2.6,2.1,1.2
489360,2010,18,8100,23.2,30.4,2.5,1.6,10.4
489360,2010,19,12900,23.2,29.3,2.5,2.5,4.4
489360,2010,20,9900,23.0,29.6,2.3,1.5,50.7
489360,2010,21,20200,22.9,31.0,2.2,2.7,-99.0
489360,2010,22,18900,23.0,30.8,2.1,3.1,-99.0
489360,2010,23,17000,23.2,30.8,2.3,3.1,-99.0
489360,2010,24,15100,23.4,30.8,2.4,3.2,-99.0
489360,2010,25,17400,23.8,30.9,2.5,3.4,-99.0
489360,2010,26,17800,23.7,30.5,2.4,3.0,-99.0
489360,2010,27,18400,23.5,30.4,2.4,3.2,0.7
489360,2010,28,18500,23.4,31.0,2.5,3.3,-99.0
489360,2010,29,21900,23.4,31.3,2.2,2.8,-99.0
489360,2010,30,22500,24.1,31.2,2.3,3.2,-99.0
489360,2010,31,19100,23.7,31.1,2.4,3.0,-99.0
489360,2010,32,22300,23.5,31.6,2.4,2.9,-99.0
489360,2010,33,24200,22.4,31.4,2.0,2.8,-99.0
489360,2010,34,22900,23.3,31.7,2.2,2.1,-99.0
489360,2010,35,24300,23.3,31.5,2.2,2.0,-99.0
489360,2010,36,22700,23.1,32.1,2.3,3.1,-99.0
489360,2010,37,23900,23.0,32.2,2.2,2.1,-99.0
489360,2010,38,23500,22.6,31.8,2.1,2.5,-99.0
489360,2010,39,25100,22.2,32.2,2.0,2.3,17.1
489360,2010,40,23100,22.2,32.5,2.1,2.7,-99.0
489360,2010,41,22400,23.5,32.2,2.2,3.9,10.7
489360,2010,42,20900,23.2,32.3,2.2,2.4,-99.0
489360,2010,43,22400,23.8,31.9,2.4,3.1,-99.0
489360,2010,44,24500,23.5,32.5,2.2,3.0,-99.0
489360,2010,45,23000,23.7,31.7,2.2,2.1,-99.0
489360,2010,46,22100,24.1,31.9,2.4,2.4,-99.0
489360,2010,47,22400,23.9,32.1,2.4,3.1,-99.0
489360,2010,48,24100,24.0,32.2,2.3,2.6,-99.0
489360,2010,49,16000,24.0,32.3,2.5,3.2,-99.0
489360,2010,50,24500,23.9,32.1,2.3,3.0,-99.0
489360,2010,51,24900,23.8,32.3,2.3,3.5,-99.0
489360,2010,52,23700,23.9,32.2,2.3,3.0,2.9
489360,2010,53,23000,24.0,32.1,2.3,3.2,-99.0
489360,2010,54,23400,23.9,32.0,2.3,1.4,-99.0
489360,2010,55,14400,24.4,32.4,2.5,2.2,-99.0
489360,2010,56,22100,24.1,33.0,2.3,2.1,-99.0
489360,2010,57,24700,23.6,32.2,2.3,1.9,10.7
489360,2010,58,24600,23.6,32.4,2.1,2.4,-99.0
489360,2010,59,24700,23.4,33.2,2.0,2.8,-99.0
489360,2010,60,23900,23.5,32.5,2.0,2.2,-99.0
489360,2010,61,25700,23.5,32.9,2.1,3.2,-99.0
489360,2010,62,25800,23.6,32.6,2.1,2.9,-99.0
489360,2010,63,25000,23.9,32.8,2.2,1.7,-99.0
489360,2010,64,21900,23.8,33.5,2.3,1.9,0.1
489360,2010,65,25100,24.0,32.5,2.3,2.3,-99.0
489360,2010,66,24600,24.3,33.6,2.4,2.6,-99.0
489360,2010,67,25500,24.1,33.2,2.3,2.5,-99.0
489360,2010,68,23800,24.3,33.1,2.3,2.5,-99.0
489360,2010,69,25300,23.8,33.3,2.2,3.3,2.2
489360,2010,70,21700,24.0,33.5,2.4,2.1,3.9
489360,2010,71,24600,23.8,32.8,2.2,1.7,-99.0
489360,2010,72,24400,23.8,33.2,2.3,2.4,-99.0
489360,2010,73,25300,24.1,33.4,2.3,2.3,-99.0
489360,2010,74,25000,23.9,33.5,2.2,2.7,2.6
489360,2010,75,25700,23.7,33.4,2.1,2.8,-99.0
489360,2010,76,24400,23.7,33.3,2.2,3.0,-99.0
489360,2010,77,25300,24.1,33.0,2.2,2.2,-99.0
489360,2010,78,25200,24.3,32.9,2.2,2.4,1.1
489360,2010,79,25100,24.2,33.2,2.3,2.4,-99.0
489360,2010,80,24600,24.3,32.9,2.3,2.0,-99.0
489360,2010,81,17800,23.8,32.7,2.3,1.6,-99.0
489360,2010,82,20200,24.0,32.8,2.3,1.5,-99.0
489360,2010,83,21400,23.9,32.4,2.2,1.1,-99.0
489360,2010,84,21000,23.9,31.6,2.2,2.0,-99.0
489360,2010,85,25100,24.0,32.1,2.1,2.5,-99.0
489360,2010,86,23700,24.5,32.3,2.2,2.1,-99.0
489360,2010,87,23600,24.6,32.7,2.5,2.3,-99.0
489360,2010,88,22400,24.2,31.5,2.5,2.6,-99.0
489360,2010,89,22300,24.1,32.8,2.4,2.5,-99.0
489360,2010,90,16200,24.5,32.6,2.6,2.5,38.8
489360,2010,91,18700,23.9,32.2,2.4,1.4,0.4
489360,2010,92,24600,24.3,32.4,2.4,1.9,0.1
489360,2010,93,22200,24.2,32.8,2.5,2.2,-99.0
489360,2010,94,14200,24.1,31.2,2.6,1.6,9.0
489360,2010,95,24900,24.0,32.5,2.4,1.7,-99.0
489360,2010,96,22800,24.4,32.5,2.4,1.2,-99.0
489360,2010,97,14200,24.1,31.9,2.6,2.4,-99.0
489360,2010,98,16300,23.8,30.9,2.6,1.7,40.6
489360,2010,99,22800,23.5,30.8,2.3,2.4,-99.0
489360,2010,100,24000,23.8,32.5,2.1,2.2,-99.0
489360,2010,101,23200,24.3,32.7,2.3,1.4,0.8
489360,2010,102,23700,24.0,33.3,2.4,1.2,-99.0
489360,2010,103,23400,24.3,32.5,2.3,2.2,-99.0
489360,2010,104,17400,24.8,33.0,2.5,2.2,4.1
489360,2010,105,18700,24.6,31.6,2.5,1.6,3.0
489360,2010,106,16000,24.1,31.7,2.5,2.1,17.3
489360,2010,107,21900,23.5,31.7,2.5,1.6,-99.0
489360,2010,108,24000,23.9,31.6,2.3,2.1,-99.0
489360,2010,109,24400,23.6,31.9,2.3,2.2,-99.0
489360,2010,110,24500,24.3,32.6,2.3,1.4,-99.0
489360,2010,111,24700,24.3,32.8,2.5,2.2,-99.0
489360,2010,112,25100,24.7,33.1,2.4,2.0,0.1
489360,2010,113,23200,24.9,33.1,2.5,1.1,-99.0
489360,2010,114,24600,24.2,32.5,2.4,0.7,-99.0
489360,2010,115,24000,24.5,33.1,2.5,1.4,-99.0
489360,2010,116,25000,24.4,33.4,2.4,2.0,-99.0
489360,2010,117,15300,24.1,32.7,2.4,1.1,2.6
489360,2010,118,24800,23.8,33.0,2.3,1.4,-99.0
489360,2010,119,22300,24.0,32.4,2.4,2.7,-99.0
489360,2010,120,21400,24.3,32.0,2.4,2.8,-99.0
489360,2010,121,24500,24.1,32.7,2.3,2.8,-99.0
489360,2010,122,24100,24.6,33.3,2.4,1.9,9.4
489360,2010,123,24700,24.7,33.2,2.3,1.1,-99.0
489360,2010,124,23400,24.7,33.1,2.4,1.8,-99.0
489360,2010,125,21500,24.8,33.5,2.5,2.6,0.6
489360,2010,126,21300,24.7,32.9,2.6,2.0,-99.0
489360,2010,127,14600,24.7,32.8,2.4,2.1,-99.0
489360,2010,128,24100,24.8,32.4,2.4,2.1,-99.0
489360,2010,129,22100,24.4,33.8,2.4,1.5,-99.0
489360,2010,130,17700,24.4,31.8,2.5,1.6,1.9
489360,2010,131,14900,24.2,32.4,2.6,1.9,-99.0
489360,2010,132,22100,24.2,32.6,2.5,2.8,2.3
489360,2010,133,22300,24.2,32.6,2.5,2.7,1.9
489360,2010,134,15700,24.5,31.8,2.6,2.6,2.3
489360,2010,135,23000,24.7,31.7,2.7,2.4,2.5
489360,2010,136,15400,24.4,30.4,2.6,1.6,99.0
489360,2010,137,10300,24.3,31.0,2.5,1.6,-99.0
489360,2010,138,21100,24.4,32.0,2.4,2.1,-99.0
489360,2010,139,20100,24.4,32.9,2.4,2.5,0.7
489360,2010,140,24000,24.4,33.4,2.5,2.1,-99.0
489360,2010,141,24400,24.5,33.2,2.4,1.4,-99.0
489360,2010,142,24000,24.4,32.5,2.3,1.0,-99.0
489360,2010,143,16500,24.0,32.0,2.3,1.0,3.3
489360,2010,144,24100,24.5,32.1,2.4,2.0,-99.0
489360,2010,145,22200,24.4,33.2,2.4,1.9,-99.0
489360,2010,146,22200,24.4,32.7,2.4,2.3,-99.0
489360,2010,147,16800,24.3,33.0,2.4,1.8,7.8
489360,2010,148,22800,24.2,33.9,2.4,2.3,-99.0
489360,2010,149,14200,24.3,32.5,2.5,2.4,-99.0
489360,2010,150,24000,24.0,33.1,2.4,2.4,-99.0
489360,2010,151,23900,24.6,33.5,2.5,1.9,-99.0
489360,2010,152,23400,24.6,33.5,2.3,2.3,-99.0
489360,2010,153,22700,24.3,33.9,2.4,2.3,-99.0
489360,2010,154,24100,24.4,33.6,2.3,2.3,-99.0
489360,2010,155,23600,24.6,33.1,2.2,2.0,-99.0
489360,2010,156,21600,24.7,34.3,2.3,1.8,3.1
489360,2010,157,16000,24.6,32.3,2.3,2.0,3.0
489360,2010,158,22300,24.3,32.1,2.4,1.9,-99.0
489360,2010,159,23600,24.1,33.3,2.4,2.1,-99.0
489360,2010,160,13500,24.1,33.1,2.5,2.0,1.4
489360,2010,161,21500,23.7,32.4,2.4,1.5,-99.0
489360,2010,162,20200,23.2,32.4,2.3,1.1,-99.0
489360,2010,163,21600,24.3,32.8,2.3,2.2,-99.0
489360,2010,164,18900,24.1,32.7,2.5,2.6,30.7
489360,2010,165,9500,23.7,31.0,2.4,1.7,18.2
489360,2010,166,22100,23.8,32.4,2.3,1.8,-99.0
489360,2010,167,9200,24.2,31.8,2.4,1.7,1.2
489360,2010,168,19000,23.9,32.5,2.3,1.7,-99.0
489360,2010,169,16300,23.5,31.8,2.4,1.1,1.2
489360,2010,170,24200,23.0,31.5,2.2,0.9,-99.0
489360,2010,171,11800,23.4,30.4,2.4,2.5,4.7
489360,2010,172,16500,23.8,30.4,2.4,2.8,4.3
489360,2010,173,22900,23.5,32.5,2.3,3.0,8.4
489360,2010,174,21400,24.0,32.3,2.3,2.5,-99.0
489360,2010,175,11600,24.1,32.6,2.4,2.2,14.4
489360,2010,176,8800,23.9,31.6,2.5,1.6,2.7
489360,2010,177,17300,23.3,31.2,2.2,1.3,0.1
489360,2010,178,19700,23.4,31.8,2.1,1.8,1.4
489360,2010,179,23800,23.6,32.4,2.1,1.8,-99.0
489360,2010,180,18900,23.9,32.4,2.2,1.7,-99.0
489360,2010,181,23800,23.7,32.9,2.2,1.8,-99.0
489360,2010,182,21200,23.9,31.7,2.3,2.6,-99.0
489360,2010,183,11700,23.6,32.1,2.4,3.0,6.8
489360,2010,184,22700,24.0,32.5,2.4,2.3,-99.0
489360,2010,185,13800,23.7,31.9,2.5,1.7,23.3
489360,2010,186,8400,22.9,27.9,2.4,1.0,33.7
489360,2010,187,17500,22.7,31.2,2.3,1.6,4.8
489360,2010,188,23500,23.3,31.6,2.3,2.0,-99.0
489360,2010,189,20100,23.8,32.6,2.3,2.2,-99.0
489360,2010,190,19000,23.2,32.4,2.2,1.8,-99.0
489360,2010,191,16600,23.2,31.9,2.3,1.4,3.4
489360,2010,192,23200,23.8,32.1,2.2,2.2,-99.0
489360,2010,193,21100,23.3,32.4,2.2,2.2,-99.0
489360,2010,194,22800,23.5,31.9,2.2,1.2,-99.0
489360,2010,195,22200,23.5,32.2,2.1,1.9,0.6
489360,2010,196,16800,23.6,31.9,2.2,2.1,-99.0
489360,2010,197,23400,23.7,32.5,2.3,2.8,2.1
489360,2010,198,13000,23.5,31.3,2.3,2.2,12.4
489360,2010,199,13700,23.0,31.6,2.3,1.9,16.4
489360,2010,200,23800,23.5,32.2,2.2,1.9,0.6
489360,2010,201,17600,23.2,32.6,2.4,1.5,4.8
489360,2010,202,11100,23.3,29.8,2.5,1.6,5.1
489360,2010,203,11200,23.1,30.7,2.4,1.6,-99.0
489360,2010,204,17200,22.9,30.4,2.3,1.8,5.7
489360,2010,205,14800,23.0,30.9,2.4,1.9,1.7
489360,2010,206,23900,23.0,32.9,2.3,2.6,5.1
489360,2010,207,14300,22.9,31.4,2.4,2.1,11.4
489360,2010,208,9800,22.9,28.5,2.3,1.5,14.9
489360,2010,209,21000,22.9,31.4,2.3,1.2,4.5
489360,2010,210,14600,23.2,31.0,2.4,1.4,4.0
489360,2010,211,10300,22.8,30.3,2.3,1.2,9.2
489360,2010,212,20700,22.9,31.6,2.4,1.7,-99.0
489360,2010,213,22400,23.1,32.4,2.3,2.0,-99.0
489360,2010,214,23500,23.1,31.6,2.2,1.1,1.2
489360,2010,215,13000,23.1,31.6,2.4,1.2,11.8
489360,2010,216,16600,23.1,31.1,2.4,2.0,-99.0
489360,2010,217,18800,23.3,31.0,2.5,3.9,18.1
489360,2010,218,7100,23.3,30.8,2.5,3.9,13.6
489360,2010,219,17300,23.8,32.0,2.5,4.8,-99.0
489360,2010,220,19300,23.2,32.6,2.4,3.4,2.4
489360,2010,221,8400,23.0,29.6,2.4,2.7,23.5
489360,2010,222,24500,23.0,32.9,2.3,2.1,-99.0
489360,2010,223,21500,23.3,32.2,2.4,1.6,-99.0
489360,2010,224,23800,23.9,32.2,2.5,2.4,2.7
489360,2010,225,22000,24.2,32.2,2.6,2.8,1.5
489360,2010,226,23700,24.1,32.5,2.5,2.7,1.9
489360,2010,227,7800,23.4,30.5,2.5,2.4,32.1
489360,2010,228,24400,23.1,32.0,2.4,1.5,-99.0
489360,2010,229,23900,24.1,32.6,2.4,2.1,-99.0
489360,2010,230,19600,23.9,32.7,2.5,2.3,2.2
489360,2010,231,16800,23.5,32.5,2.4,2.3,5.8
489360,2010,232,10100,23.4,31.8,2.5,1.9,36.1
489360,2010,233,23200,23.1,32.1,2.3,1.2,9.3
489360,2010,234,17700,22.9,31.0,2.4,1.4,0.8
489360,2010,235,24900,23.0,32.2,2.3,1.5,-99.0
489360,2010,236,11900,23.4,31.8,2.3,2.2,6.9
489360,2010,237,16100,23.3,32.4,2.4,2.2,-99.0
489360,2010,238,22500,23.1,32.2,2.3,1.5,-99.0
489360,2010,239,24900,23.4,33.3,2.3,1.9,-99.0
489360,2010,240,19900,22.8,31.9,2.3,2.8,-99.0
489360,2010,241,24500,23.1,32.2,2.3,1.7,-99.0
489360,2010,242,24500,23.4,33.1,2.3,2.2,-99.0
489360,2010,243,22900,23.6,33.2,2.3,2.2,-99.0
489360,2010,244,22900,23.5,33.1,2.3,2.3,-99.0
489360,2010,245,22600,23.8,32.9,2.5,2.0,-99.0
489360,2010,246,24400,23.7,33.2,2.4,2.1,1.3
489360,2010,247,15700,23.5,32.7,2.4,2.0,4.0
489360,2010,248,13000,23.7,31.6,2.5,1.9,11.9
489360,2010,249,7600,23.3,31.5,2.3,1.5,8.4
489360,2010,250,22700,23.4,33.1,2.2,1.7,3.2
489360,2010,251,20800,23.6,31.9,2.3,2.0,7.3
489360,2010,252,22000,23.0,32.9,2.2,1.7,-99.0
489360,2010,253,15500,23.5,32.1,2.4,1.5,5.1
489360,2010,254,10700,22.9,31.0,2.3,1.3,27.9
489360,2010,255,23500,23.2,32.1,2.3,1.3,-99.0
489360,2010,256,20300,22.9,31.4,2.3,1.2,-99.0
489360,2010,257,19000,22.9,31.4,2.3,1.9,0.0
489360,2010,258,10200,22.6,31.5,2.3,1.6,7.1
489360,2010,259,24700,23.2,32.4,2.3,1.8,-99.0
489360,2010,260,22900,23.5,32.9,2.3,2.5,-99.0
489360,2010,261,11300,23.3,32.2,2.4,1.8,9.6
489360,2010,262,24700,23.3,32.4,2.2,1.7,-99.0
489360,2010,263,21300,23.7,33.1,2.4,2.5,-99.0
489360,2010,264,18900,23.7,32.4,2.4,2.7,-99.0
489360,2010,265,23200,23.7,32.4,2.3,2.6,-99.0
489360,2010,266,25000,23.7,32.8,2.3,2.2,-99.0
489360,2010,267,15800,23.7,32.3,2.3,2.4,2.3
489360,2010,268,19300,23.3,32.9,2.3,2.0,9.4
489360,2010,269,24900,23.5,32.7,2.3,1.9,-99.0
489360,2010,270,13700,23.5,32.2,2.3,1.6,4.7
489360,2010,271,21500,23.4,32.9,2.4,1.3,7.0
489360,2010,272,14700,23.2,30.4,2.3,1.4,18.9
489360,2010,273,22100,23.2,32.0,2.3,1.7,3.3
489360,2010,274,11100,23.4,31.4,2.4,2.8,12.3
489360,2010,275,20200,23.6,32.1,2.4,2.7,4.5
489360,2010,276,21800,23.7,32.7,2.5,2.7,0.3
489360,2010,277,22100,24.0,32.6,2.4,2.3,-99.0
489360,2010,278,24600,24.2,33.2,2.3,2.0,-99.0
489360,2010,279,4800,23.8,32.2,2.3,1.8,32.7
489360,2010,280,19800,23.5,32.3,2.4,1.5,4.6
489360,2010,281,10500,23.6,30.1,2.5,1.6,24.1
489360,2010,282,14700,23.3,30.5,2.5,3.0,8.4
489360,2010,283,11100,23.0,32.3,2.4,3.0,21.2
489360,2010,284,7200,23.1,30.1,2.5,1.1,26.8
489360,2010,285,22300,23.2,32.0,2.3,1.1,-99.0
489360,2010,286,23500,23.1,31.6,2.4,1.2,-99.0
489360,2010,287,21000,23.2,32.8,2.3,1.4,6.2
489360,2010,288,17400,22.8,32.2,2.3,1.2,-99.0
489360,2010,289,10200,23.1,31.3,2.3,1.0,9.2
489360,2010,290,23600,23.5,32.4,2.4,1.0,-99.0
489360,2010,291,24100,23.3,32.4,2.4,1.8,-99.0
489360,2010,292,23100,23.5,32.3,2.5,2.4,-99.0
489360,2010,293,24100,23.4,33.2,2.4,2.4,-99.0
489360,2010,294,22800,23.6,33.2,2.4,2.5,-99.0
489360,2010,295,19700,23.5,32.6,2.4,2.1,2.4
489360,2010,296,18500,23.1,32.5,2.3,1.1,-99.0
489360,2010,297,20400,23.3,32.8,2.3,1.6,-99.0
489360,2010,298,21600,23.6,32.2,2.4,1.2,-99.0
489360,2010,299,14100,24.1,31.3,2.4,1.4,-99.0
489360,2010,300,22400,23.9,31.5,2.4,1.1,-99.0
489360,2010,301,16600,23.9,31.5,2.4,1.3,0.5
489360,2010,302,9800,23.9,30.7,2.6,1.9,3.2
489360,2010,303,21100,23.5,31.2,2.4,1.4,0.7
489360,2010,304,13200,23.6,31.0,2.5,1.6,-99.0
489360,2010,305,16500,23.5,31.0,2.4,0.8,1.4
489360,2010,306,20100,23.5,31.2,2.4,1.9,-99.0
489360,2010,307,15900,24.0,31.0,2.5,2.5,-99.0
489360,2010,308,14800,24.3,32.0,2.5,2.2,17.1
489360,2010,309,15200,23.5,31.4,2.4,1.2,4.8
489360,2010,310,14900,23.3,30.1,2.5,1.8,13.8
489360,2010,311,14300,23.2,31.2,2.4,1.6,7.3
489360,2010,312,21400,23.2,31.9,2.4,1.0,-99.0
489360,2010,313,13600,23.2,31.2,2.4,1.6,4.2
489360,2010,314,22600,22.5,31.9,2.3,1.2,3.6
489360,2010,315,22100,22.9,32.2,2.2,1.2,-99.0
489360,2010,316,22900,23.4,32.6,2.3,2.4,-99.0
489360,2010,317,18400,23.5,32.7,2.5,2.1,-99.0
489360,2010,318,8100,23.3,31.9,2.4,1.8,27.9
489360,2010,319,16300,23.4,31.1,2.4,1.6,-99.0
489360,2010,320,17600,23.4,32.0,2.4,2.0,1.3
489360,2010,321,22200,23.4,32.6,2.2,1.5,-99.0
489360,2010,322,22800,23.5,32.3,2.3,0.9,-99.0
489360,2010,323,19500,23.7,32.5,2.4,1.1,1.6
489360,2010,324,13000,23.2,31.9,2.3,1.1,83.5
489360,2010,325,12900,23.0,30.2,2.3,1.3,2.7
489360,2010,326,14800,22.9,31.1,2.2,1.0,-99.0
489360,2010,327,21200,22.8,32.4,2.2,1.6,-99.0
489360,2010,328,21100,23.7,32.3,2.4,2.0,-99.0
489360,2010,329,16900,23.5,32.3,2.3,0.9,-99.0
489360,2010,330,14900,23.1,32.7,2.3,1.3,14.2
489360,2010,331,18400,23.2,31.5,2.3,1.8,2.7
489360,2010,332,20500,23.4,32.3,2.4,2.1,-99.0
489360,2010,333,12800,23.5,31.8,2.5,2.1,-99.0
489360,2010,334,14100,23.2,30.7,2.4,1.7,1.5
489360,2010,335,16100,23.3,31.5,2.5,1.5,-99.0
489360,2010,336,20300,23.7,32.2,2.5,1.4,6.4
489360,2010,337,10900,23.2,31.0,2.4,1.6,17.4
489360,2010,338,17800,23.3,32.3,2.5,2.0,14.7
489360,2010,339,17500,23.1,31.6,2.4,0.9,-99.0
489360,2010,340,13300,23.8,30.9,2.5,1.1,9.6
489360,2010,341,9400,23.3,29.2,2.6,2.1,15.5
489360,2010,342,21000,22.9,31.4,2.5,1.8,-99.0
489360,2010,343,13700,22.9,31.3,2.4,1.2,6.9
489360,2010,344,19000,22.8,31.7,2.4,1.6,3.2
489360,2010,345,11600,22.2,29.9,2.4,1.1,6.1
489360,2010,346,14300,22.9,31.9,2.4,1.6,5.6
489360,2010,347,14100,22.5,31.2,2.3,1.5,-99.0
489360,2010,348,20500,22.6,31.8,2.2,0.9,-99.0
489360,2010,349,19500,23.2,31.3,2.3,1.2,-99.0
489360,2010,350,20600,22.4,31.9,2.2,1.6,-99.0
489360,2010,351,22000,23.3,32.4,2.2,1.3,-99.0
489360,2010,352,18800,23.3,32.3,2.4,0.9,1.7
489360,2010,353,6600,22.8,30.6,2.3,1.1,31.3
489360,2010,354,14300,22.3,30.3,2.4,2.3,19.4
489360,2010,355,9300,22.5,31.1,2.3,1.6,23.3
489360,2010,356,17400,22.5,31.7,2.3,1.3,-99.0
489360,2010,357,18200,22.6,31.6,2.4,1.6,0.9
489360,2010,358,17400,22.5,30.7,2.4,2.0,1.3
489360,2010,359,20300,23.2,31.0,2.4,2.2,-99.0
489360,2010,360,20200,22.7,31.8,2.3,1.3,-99.0
489360,2010,361,21900,23.3,32.0,2.4,1.4,-99.0
489360,2010,362,20400,23.5,32.3,2.4,1.7,5.3
489360,2010,363,14400,23.0,31.3,2.3,1.4,1.2
489360,2010,364,9400,22.9,30.9,2.4,1.1,7.6
489360,2010,365,15900,22.7,31.6,2.4,2.1,0.3
