119.875, 5.125, 29.96, 0, 0
489360,2005,1,19500,24.3,30.4,2.5,5.3,-99.0
489360,2005,2,17000,24.0,30.0,2.3,5.4,-99.0
489360,2005,3,17000,24.4,30.5,2.5,3.1,-99.0
489360,2005,4,16300,24.5,31.0,2.7,3.4,1.8
489360,2005,5,20500,24.4,31.0,2.8,3.5,-99.0
489360,2005,6,18900,24.2,30.9,2.8,2.4,-99.0
489360,2005,7,15600,24.0,30.8,2.7,2.1,-99.0
489360,2005,8,20500,23.8,29.8,2.6,3.6,-99.0
489360,2005,9,12900,23.5,29.9,2.6,2.7,-99.0
489360,2005,10,18300,24.0,30.6,2.5,2.6,0.9
489360,2005,11,21100,23.4,29.9,2.3,3.9,-99.0
489360,2005,12,12400,23.5,30.1,2.3,3.1,6.0
489360,2005,13,18600,23.6,30.7,2.4,3.2,-99.0
489360,2005,14,22600,23.9,30.9,2.3,4.4,-99.0
489360,2005,15,19700,23.5,30.3,2.1,6.1,3.4
489360,2005,16,22800,23.1,30.4,2.0,7.7,-99.0
489360,2005,17,22500,22.3,30.5,1.9,5.7,-99.0
489360,2005,18,23700,22.6,31.0,1.7,4.1,2.4
489360,2005,19,25000,22.5,30.6,1.8,3.8,-99.0
489360,2005,20,16500,22.8,30.5,2.1,5.0,-99.0
489360,2005,21,23400,23.5,30.6,2.1,6.4,-99.0
489360,2005,22,20800,23.2,30.7,2.0,6.7,4.7
489360,2005,23,16000,23.3,29.7,2.1,5.9,-99.0
489360,2005,24,17600,23.2,29.8,2.3,4.8,-99.0
489360,2005,25,20600,23.7,30.0,2.3,4.4,1.3
489360,2005,26,23700,23.7,30.9,2.4,1.6,-99.0
489360,2005,27,23800,23.8,31.0,2.3,2.6,6.2
489360,2005,28,24800,23.4,31.2,2.3,3.5,-99.0
489360,2005,29,23700,24.0,31.1,2.3,4.1,-99.0
489360,2005,30,17400,24.1,31.4,2.5,3.2,-99.0
489360,2005,31,9800,23.5,30.5,2.6,4.1,10.1
489360,2005,32,16300,23.9,30.3,2.6,4.1,3.8
489360,2005,33,19000,23.9,30.4,2.5,5.0,-99.0
489360,2005,34,18500,23.8,30.2,2.4,5.1,4.0
489360,2005,35,18900,23.9,30.7,2.4,3.9,3.9
489360,2005,36,12100,23.8,29.9,2.6,2.6,2.7
489360,2005,37,14400,23.3,30.5,2.3,4.4,-99.0
489360,2005,38,16600,24.1,30.3,2.5,2.6,-99.0
489360,2005,39,20700,24.1,30.7,2.6,3.4,2.7
489360,2005,40,20300,24.1,31.0,2.4,3.9,2.7
489360,2005,41,22600,24.1,30.4,2.5,2.9,1.2
489360,2005,42,23000,24.2,31.3,2.5,2.7,-99.0
489360,2005,43,20300,24.5,30.9,2.5,2.8,-99.0
489360,2005,44,23500,24.1,31.0,2.5,2.0,0.5
489360,2005,45,22700,23.8,31.2,2.3,1.7,-99.0
489360,2005,46,23700,24.2,31.3,2.2,1.4,-99.0
489360,2005,47,24700,24.4,31.6,2.3,2.8,-99.0
489360,2005,48,24300,24.4,31.1,2.4,2.1,0.7
489360,2005,49,25800,24.5,31.8,2.6,1.5,0.2
489360,2005,50,23800,24.4,31.8,2.6,1.3,-99.0
489360,2005,51,23200,23.9,32.2,2.5,1.7,-99.0
489360,2005,52,24400,24.4,32.0,2.5,2.5,-99.0
489360,2005,53,25400,24.5,31.6,2.5,1.3,3.2
489360,2005,54,25700,24.7,31.6,2.4,2.2,-99.0
489360,2005,55,25800,24.6,31.5,2.4,2.7,-99.0
489360,2005,56,25800,24.8,32.2,2.5,3.3,-99.0
489360,2005,57,23200,24.6,31.9,2.5,3.9,37.1
489360,2005,58,23900,24.1,31.9,2.5,2.8,11.5
489360,2005,59,23700,23.8,31.6,2.5,2.5,-99.0
489360,2005,60,26100,23.8,31.6,2.3,2.2,-99.0
489360,2005,61,27100,23.7,32.0,2.1,2.2,-99.0
489360,2005,62,26900,23.7,32.0,2.0,2.0,-99.0
489360,2005,63,27200,23.7,32.3,2.2,3.5,-99.0
489360,2005,64,25600,23.9,32.3,2.1,5.5,-99.0
489360,2005,65,24700,23.7,31.7,2.2,6.0,-99.0
489360,2005,66,22600,24.4,30.5,2.4,3.6,-99.0
489360,2005,67,14500,24.7,31.2,2.6,2.9,3.0
489360,2005,68,24800,24.9,30.5,2.5,4.0,-99.0
489360,2005,69,19300,24.4,31.5,2.5,3.4,-99.0
489360,2005,70,23400,24.2,32.1,2.5,2.3,-99.0
489360,2005,71,25300,24.0,32.1,2.5,1.8,-99.0
489360,2005,72,24100,23.5,31.9,2.3,5.0,-99.0
489360,2005,73,26200,23.8,32.0,2.1,5.4,3.3
489360,2005,74,25800,25.0,32.0,2.4,3.2,-99.0
489360,2005,75,23600,24.2,32.2,2.3,2.3,10.0
489360,2005,76,25600,24.0,32.2,2.2,3.8,4.1
489360,2005,77,26900,24.1,32.0,2.2,3.9,-99.0
489360,2005,78,23100,24.6,32.3,2.5,3.0,4.7
489360,2005,79,26400,24.2,31.6,2.4,2.1,-99.0
489360,2005,80,19900,24.4,31.9,2.5,2.1,-99.0
489360,2005,81,23900,24.7,31.7,2.8,1.7,9.6
489360,2005,82,23000,24.7,31.2,2.7,2.1,-99.0
489360,2005,83,21700,24.8,31.3,2.5,1.3,-99.0
489360,2005,84,21600,24.7,31.0,2.7,1.5,-99.0
489360,2005,85,22200,25.0,31.0,2.8,1.9,-99.0
489360,2005,86,21700,24.4,31.4,2.6,2.5,19.6
489360,2005,87,14300,24.0,30.4,2.6,2.6,-99.0
489360,2005,88,20800,24.1,30.9,2.6,1.2,-99.0
489360,2005,89,21600,23.8,31.2,2.6,1.5,4.7
489360,2005,90,25500,24.3,32.2,2.7,1.4,-99.0
489360,2005,91,18000,24.4,31.6,2.8,1.2,-99.0
489360,2005,92,23000,23.9,31.4,2.6,1.6,3.9
489360,2005,93,26800,23.9,32.4,2.6,1.5,-99.0
489360,2005,94,23900,24.8,31.9,2.4,2.6,-99.0
489360,2005,95,26200,24.8,32.0,2.6,1.5,-99.0
489360,2005,96,24800,24.5,31.5,2.6,1.3,9.5
489360,2005,97,25400,24.2,31.6,2.3,1.6,-99.0
489360,2005,98,21300,24.3,31.5,2.3,2.6,-99.0
489360,2005,99,21700,23.9,31.7,2.4,1.6,-99.0
489360,2005,100,25200,24.2,31.7,2.3,1.5,-99.0
489360,2005,101,21800,24.5,31.8,2.4,2.3,-99.0
489360,2005,102,19300,24.4,31.6,2.6,1.6,22.8
489360,2005,103,23100,24.2,32.0,2.6,1.5,-99.0
489360,2005,104,24400,23.3,31.5,2.4,1.9,3.0
489360,2005,105,25700,23.5,31.8,2.2,3.0,7.5
489360,2005,106,25900,24.0,32.1,2.1,2.4,-99.0
489360,2005,107,27100,23.5,32.1,2.2,2.5,7.5
489360,2005,108,25300,24.2,32.1,2.2,1.5,-99.0
489360,2005,109,22200,23.8,32.2,2.1,1.4,-99.0
489360,2005,110,24000,24.5,32.0,2.3,1.3,-99.0
489360,2005,111,24500,24.7,32.3,2.3,1.5,-99.0
489360,2005,112,24900,24.8,32.3,2.3,1.8,-99.0
489360,2005,113,25400,24.7,32.6,2.3,1.3,2.5
489360,2005,114,24900,24.0,32.3,2.2,1.7,0.4
489360,2005,115,25700,24.2,32.7,2.2,1.4,-99.0
489360,2005,116,25500,24.6,33.0,2.2,3.7,-99.0
489360,2005,117,24400,25.1,33.2,2.5,3.8,-99.0
489360,2005,118,26100,24.7,33.3,2.4,3.7,-99.0
489360,2005,119,23100,24.7,32.8,2.7,1.6,-99.0
489360,2005,120,24000,24.1,33.3,2.5,2.4,-99.0
489360,2005,121,24900,25.1,33.1,2.7,2.5,11.5
489360,2005,122,23100,25.0,32.5,2.8,1.5,6.0
489360,2005,123,21800,25.6,32.6,2.8,2.7,0.1
489360,2005,124,19700,25.0,32.6,2.7,2.4,50.5
489360,2005,125,8000,24.8,30.8,2.8,2.3,33.2
489360,2005,126,22300,25.1,32.1,2.7,2.8,-99.0
489360,2005,127,17700,24.5,31.4,2.6,2.2,1.1
489360,2005,128,23500,24.0,32.3,2.6,1.3,2.3
489360,2005,129,20000,24.5,31.5,2.6,1.8,2.5
489360,2005,130,15100,24.5,31.5,2.8,1.4,3.0
489360,2005,131,15200,24.5,30.5,2.7,1.6,15.3
489360,2005,132,13000,24.4,30.3,2.7,1.3,40.7
489360,2005,133,16900,24.0,31.6,2.4,1.8,-99.0
489360,2005,134,10800,23.9,30.2,2.4,2.0,2.5
489360,2005,135,23100,23.9,31.2,2.1,4.4,-99.0
489360,2005,136,24400,24.2,30.9,2.2,2.0,0.4
489360,2005,137,25400,23.9,31.1,2.2,1.7,-99.0
489360,2005,138,24400,24.2,30.8,2.2,0.9,-99.0
489360,2005,139,19600,24.5,31.9,2.3,1.3,-99.0
489360,2005,140,23300,24.5,31.5,2.4,2.7,0.4
489360,2005,141,25500,24.5,32.3,2.4,3.9,-99.0
489360,2005,142,25700,24.3,31.9,2.4,3.7,-99.0
489360,2005,143,23000,24.0,32.0,2.6,2.7,-99.0
489360,2005,144,19900,24.8,31.8,2.5,2.8,14.6
489360,2005,145,21200,24.7,32.0,2.5,4.0,-99.0
489360,2005,146,16200,24.0,31.9,2.5,2.6,11.1
489360,2005,147,23000,23.9,31.2,2.4,2.5,-99.0
489360,2005,148,20500,24.5,31.9,2.4,2.5,-99.0
489360,2005,149,24100,24.0,32.0,2.4,2.4,3.1
489360,2005,150,24500,23.7,32.0,2.4,1.2,-99.0
489360,2005,151,23000,24.2,32.6,2.4,2.1,-99.0
489360,2005,152,24800,24.7,32.4,2.5,2.3,-99.0
489360,2005,153,23400,24.9,32.8,2.5,2.7,1.8
489360,2005,154,25000,25.1,32.7,2.6,2.6,-99.0
489360,2005,155,19200,24.9,33.1,2.6,2.9,2.0
489360,2005,156,23700,24.5,32.1,2.5,4.0,-99.0
489360,2005,157,19800,24.2,32.2,2.3,5.2,-99.0
489360,2005,158,22600,24.7,32.4,2.4,4.9,-99.0
489360,2005,159,22800,24.3,32.6,2.4,4.2,-99.0
489360,2005,160,25100,24.6,32.9,2.4,2.9,-99.0
489360,2005,161,22000,24.2,32.1,2.5,4.1,-99.0
489360,2005,162,20300,25.0,32.7,2.7,2.9,0.5
489360,2005,163,23500,25.1,32.7,2.6,3.9,-99.0
489360,2005,164,18400,24.6,31.5,2.7,1.7,-99.0
489360,2005,165,10000,24.0,29.4,2.7,1.3,25.5
489360,2005,166,9700,24.2,31.3,2.3,2.2,1.4
489360,2005,167,20800,24.1,31.2,2.4,1.8,-99.0
489360,2005,168,21700,24.4,31.3,2.3,2.4,-99.0
489360,2005,169,20600,24.6,32.4,2.4,2.6,5.6
489360,2005,170,18700,24.2,31.8,2.4,2.6,11.5
489360,2005,171,21700,23.9,31.4,2.2,3.5,-99.0
489360,2005,172,18400,24.2,31.0,2.2,3.0,3.9
489360,2005,173,21400,24.1,31.2,2.3,1.9,-99.0
489360,2005,174,17400,24.0,30.8,2.3,1.3,4.5
489360,2005,175,13800,23.8,31.2,2.2,2.3,6.8
489360,2005,176,17200,24.2,31.2,2.3,3.9,-99.0
489360,2005,177,20900,23.9,31.7,2.3,3.1,-99.0
489360,2005,178,24500,23.7,31.9,2.3,3.0,-99.0
489360,2005,179,24200,23.5,32.3,2.2,2.9,9.6
489360,2005,180,4300,23.9,31.0,2.2,2.7,7.2
489360,2005,181,12900,23.4,30.0,2.1,2.5,18.3
489360,2005,182,18900,23.8,30.4,2.1,1.4,-99.0
489360,2005,183,23000,24.1,32.0,2.1,2.4,-99.0
489360,2005,184,21700,23.6,31.0,2.3,2.3,2.5
489360,2005,185,14900,23.3,29.8,2.2,0.9,-99.0
489360,2005,186,22500,24.0,31.2,2.3,2.2,-99.0
489360,2005,187,19400,23.9,31.7,2.3,2.6,-99.0
489360,2005,188,24500,24.1,31.7,2.1,1.8,-99.0
489360,2005,189,19100,23.9,30.9,2.3,1.6,24.7
489360,2005,190,6300,23.7,30.3,2.2,1.6,23.2
489360,2005,191,21100,23.2,31.6,2.0,1.6,-99.0
489360,2005,192,24400,24.3,32.3,2.3,3.2,-99.0
489360,2005,193,24800,24.0,31.8,2.2,2.4,-99.0
489360,2005,194,17600,23.8,30.9,2.1,2.1,1.1
489360,2005,195,25000,24.2,31.8,2.2,1.3,-99.0
489360,2005,196,24900,24.7,32.3,2.2,2.9,-99.0
489360,2005,197,24000,24.4,32.9,2.3,3.4,-99.0
489360,2005,198,12000,23.7,31.1,2.5,2.7,16.7
489360,2005,199,17200,23.9,31.4,2.2,1.9,-99.0
489360,2005,200,17200,23.7,31.8,2.3,2.1,-99.0
489360,2005,201,21500,24.1,31.5,2.2,3.2,-99.0
489360,2005,202,5400,23.7,30.4,2.1,3.4,-99.0
489360,2005,203,17800,23.4,29.5,2.1,4.0,1.3
489360,2005,204,13100,23.8,29.8,2.2,5.9,-99.0
489360,2005,205,12700,23.7,30.7,2.2,6.7,4.0
489360,2005,206,3500,23.7,30.6,2.2,6.5,28.6
489360,2005,207,5900,24.0,30.9,2.3,7.1,8.3
489360,2005,208,22200,24.3,31.7,2.4,6.8,-99.0
489360,2005,209,15800,23.9,31.1,2.5,3.9,-99.0
489360,2005,210,20300,24.4,32.5,2.5,4.5,-99.0
489360,2005,211,25500,24.0,32.5,2.4,2.8,0.3
489360,2005,212,23900,23.5,31.0,2.3,1.5,-99.0
489360,2005,213,17300,23.9,31.9,2.3,3.6,-99.0
489360,2005,214,21600,24.2,30.9,2.3,5.4,-99.0
489360,2005,215,17100,24.6,31.8,2.3,5.7,-99.0
489360,2005,216,22700,24.4,32.5,2.3,6.4,10.8
489360,2005,217,8400,24.1,29.9,2.3,4.7,3.8
489360,2005,218,22500,24.8,31.7,2.5,5.0,-99.0
489360,2005,219,18900,24.1,31.9,2.5,5.3,20.9
489360,2005,220,4500,24.1,31.5,2.4,4.6,5.8
489360,2005,221,24000,24.2,32.5,2.4,5.0,-99.0
489360,2005,222,24000,24.6,32.6,2.4,5.5,-99.0
489360,2005,223,13000,24.4,31.0,2.3,7.0,-99.0
489360,2005,224,21700,23.5,32.3,2.3,5.7,-99.0
489360,2005,225,21000,23.3,31.1,2.2,4.3,-99.0
489360,2005,226,23800,23.5,31.7,2.1,4.0,-99.0
489360,2005,227,22700,23.8,32.5,2.2,4.2,-99.0
489360,2005,228,25400,24.5,32.3,2.3,5.9,3.1
489360,2005,229,25900,24.8,32.4,2.4,5.1,-99.0
489360,2005,230,23100,23.8,32.2,2.4,4.0,-99.0
489360,2005,231,15200,23.6,31.4,2.5,1.3,44.6
489360,2005,232,24300,23.9,30.7,2.5,1.1,0.4
489360,2005,233,26000,23.5,31.9,2.2,1.1,-99.0
489360,2005,234,25800,23.8,31.3,2.2,1.6,-99.0
489360,2005,235,14400,23.4,30.5,2.3,2.1,10.6
489360,2005,236,12000,23.4,30.7,2.4,1.7,13.9
489360,2005,237,17100,23.4,30.4,2.3,2.1,3.9
489360,2005,238,17000,23.7,30.9,2.5,1.9,-99.0
489360,2005,239,5600,23.3,31.8,2.3,3.3,4.9
489360,2005,240,22400,23.2,30.8,2.2,3.4,-99.0
489360,2005,241,22200,23.6,31.2,2.3,2.4,-99.0
489360,2005,242,24300,24.0,32.3,2.3,3.7,-99.0
489360,2005,243,25100,24.4,32.7,2.4,4.0,-99.0
489360,2005,244,25700,24.0,32.7,2.3,4.2,-99.0
489360,2005,245,25300,24.1,32.8,2.3,3.3,-99.0
489360,2005,246,22800,24.1,32.6,2.3,2.5,0.6
489360,2005,247,21100,24.2,32.5,2.5,2.2,-99.0
489360,2005,248,25400,24.1,32.0,2.3,2.7,-99.0
489360,2005,249,26000,24.3,32.5,2.3,3.4,-99.0
489360,2005,250,24900,24.4,31.2,2.3,2.7,-99.0
489360,2005,251,14400,23.8,31.4,2.3,2.8,-99.0
489360,2005,252,13300,23.4,29.8,2.5,2.7,15.7
489360,2005,253,7100,23.3,30.0,2.1,3.2,2.4
489360,2005,254,22200,23.4,32.4,2.1,4.1,-99.0
489360,2005,255,21200,23.5,32.2,2.2,3.9,-99.0
489360,2005,256,16300,23.3,31.2,2.3,2.0,33.4
489360,2005,257,23000,23.2,32.2,2.2,1.6,-99.0
489360,2005,258,13100,23.6,32.3,2.2,2.4,-99.0
489360,2005,259,23000,24.1,33.1,2.4,6.0,6.3
489360,2005,260,22900,23.8,32.5,2.2,6.0,-99.0
489360,2005,261,19500,23.2,32.0,2.2,3.4,32.8
489360,2005,262,15700,23.0,31.8,2.1,1.9,-99.0
489360,2005,263,23000,23.4,32.0,2.1,3.7,-99.0
489360,2005,264,13500,23.9,32.1,2.2,4.8,-99.0
489360,2005,265,22300,23.7,32.0,2.2,4.4,1.8
489360,2005,266,19700,23.5,31.8,2.1,3.9,-99.0
489360,2005,267,19900,22.5,32.2,1.9,3.1,-99.0
489360,2005,268,27200,23.3,32.6,2.3,2.4,-99.0
489360,2005,269,26700,23.4,31.6,2.0,1.8,-99.0
489360,2005,270,23900,23.7,32.3,2.0,2.0,-99.0
489360,2005,271,23300,23.8,31.9,2.1,2.4,-99.0
489360,2005,272,22900,23.6,32.0,2.1,2.3,-99.0
489360,2005,273,15300,23.8,32.1,2.3,2.3,-99.0
489360,2005,274,23900,24.1,31.4,2.2,3.4,29.9
489360,2005,275,16300,23.7,31.4,2.3,1.9,-99.0
489360,2005,276,20100,24.1,31.3,2.5,1.7,7.1
489360,2005,277,7400,23.6,30.3,2.3,2.5,68.8
489360,2005,278,20200,24.0,31.7,2.4,1.9,-99.0
489360,2005,279,4200,23.8,30.9,2.3,1.9,-99.0
489360,2005,280,10800,23.8,31.3,2.3,2.2,1.0
489360,2005,281,11200,23.8,32.1,2.3,2.4,-99.0
489360,2005,282,25200,24.0,31.9,2.4,1.8,-99.0
489360,2005,283,25400,24.7,32.5,2.3,3.1,3.7
489360,2005,284,24500,24.8,32.6,2.5,1.9,-99.0
489360,2005,285,22800,24.4,32.4,2.4,2.8,2.3
489360,2005,286,25500,24.6,32.6,2.3,2.6,-99.0
489360,2005,287,22200,24.4,32.7,2.3,2.8,-99.0
489360,2005,288,13700,23.9,31.4,2.3,1.9,-99.0
489360,2005,289,22200,24.0,31.9,2.4,1.2,-99.0
489360,2005,290,8200,23.7,31.4,2.3,1.3,3.7
489360,2005,291,24600,23.7,31.8,2.1,2.6,-99.0
489360,2005,292,16700,23.7,31.6,2.3,1.4,26.1
489360,2005,293,20800,23.5,32.1,2.2,1.1,7.5
489360,2005,294,21500,23.6,31.3,2.3,1.2,-99.0
489360,2005,295,22500,23.7,31.5,2.2,2.2,-99.0
489360,2005,296,23500,23.9,31.7,2.2,1.3,-99.0
489360,2005,297,24300,23.7,32.0,2.3,1.9,-99.0
489360,2005,298,19300,23.8,31.6,2.2,2.8,4.2
489360,2005,299,15700,23.7,31.4,2.4,1.2,-99.0
489360,2005,300,11300,23.5,30.6,2.4,1.7,1.6
489360,2005,301,14900,23.4,31.2,2.3,1.7,-99.0
489360,2005,302,17600,23.0,31.7,2.3,1.7,-99.0
489360,2005,303,20300,23.7,32.0,2.5,1.4,-99.0
489360,2005,304,23000,23.7,32.3,2.1,2.1,6.0
489360,2005,305,20700,24.1,31.8,2.4,2.3,0.6
489360,2005,306,10000,23.9,30.5,2.4,3.9,-99.0
489360,2005,307,5000,23.5,30.5,2.4,2.8,4.6
489360,2005,308,21700,23.6,31.3,2.6,1.1,7.0
489360,2005,309,17700,23.7,31.3,2.5,1.5,16.7
489360,2005,310,12400,23.7,30.5,2.4,3.4,10.7
489360,2005,311,10300,23.6,31.0,2.1,3.1,15.6
489360,2005,312,10800,24.2,31.3,2.4,2.9,13.7
489360,2005,313,10100,23.9,31.1,2.4,2.0,-99.0
489360,2005,314,19200,23.6,32.0,2.1,1.3,-99.0
489360,2005,315,22700,23.5,32.2,2.2,1.4,-99.0
489360,2005,316,17100,23.6,30.2,2.1,1.3,20.6
489360,2005,317,6600,23.5,30.7,2.1,3.4,63.3
489360,2005,318,14800,23.3,29.8,2.1,4.1,13.8
489360,2005,319,8500,23.3,30.5,2.1,2.6,5.0
489360,2005,320,13600,23.7,31.5,2.3,2.5,8.0
489360,2005,321,14700,23.3,31.6,2.4,2.7,-99.0
489360,2005,322,17900,23.2,31.1,2.3,3.2,0.0
489360,2005,323,21000,23.0,31.8,2.0,3.6,0.0
489360,2005,324,20400,23.5,31.6,2.3,2.1,0.0
489360,2005,325,23600,24.0,31.9,2.2,2.5,0.6
489360,2005,326,22700,23.8,31.3,2.2,1.8,0.0
489360,2005,327,22100,23.6,31.6,2.3,1.9,0.0
489360,2005,328,19000,23.5,31.3,2.6,1.6,0.6
489360,2005,329,11400,23.9,31.4,2.6,2.3,26.9
489360,2005,330,9200,23.7,30.9,2.7,1.5,4.2
489360,2005,331,14100,23.6,30.6,2.5,1.4,0.7
489360,2005,332,20400,23.7,31.4,2.4,2.8,0.0
489360,2005,333,19100,23.5,31.5,2.2,2.0,0.0
489360,2005,334,21700,23.6,32.2,2.4,2.4,0.0
489360,2005,335,22200,23.6,32.2,2.4,2.9,1.7
489360,2005,336,13300,23.4,30.7,2.4,1.1,3.7
489360,2005,337,17800,23.4,31.2,2.5,1.0,0.0
489360,2005,338,21800,23.4,31.7,2.4,1.0,0.0
489360,2005,339,19900,23.5,30.5,2.3,1.8,14.5
489360,2005,340,12300,23.4,31.3,2.2,1.7,7.0
489360,2005,341,8600,23.1,29.6,2.3,2.9,3.8
489360,2005,342,9300,23.5,30.4,2.5,1.9,11.5
489360,2005,343,20900,23.4,30.9,2.5,1.3,0.0
489360,2005,344,18100,23.6,31.0,2.6,1.0,0.7
489360,2005,345,16300,23.4,30.3,2.2,2.5,0.0
489360,2005,346,18100,23.7,30.6,2.4,1.9,0.0
489360,2005,347,21500,23.5,31.2,2.4,3.2,0.0
489360,2005,348,10100,23.8,31.8,2.5,3.0,2.4
489360,2005,349,16600,23.7,30.0,2.4,2.1,0.9
489360,2005,350,14000,23.4,30.7,2.2,3.5,0.1
489360,2005,351,16300,23.9,31.1,2.6,3.3,0.0
489360,2005,352,20700,23.8,31.8,2.5,3.2,2.0
489360,2005,353,7800,23.7,30.7,2.4,2.6,29.0
489360,2005,354,13600,24.1,30.9,2.7,2.4,0.0
489360,2005,355,18700,23.8,31.4,2.7,0.7,14.4
489360,2005,356,8800,23.3,30.0,2.3,2.2,9.4
489360,2005,357,14200,23.5,30.0,2.4,2.1,7.5
489360,2005,358,17100,23.3,29.2,2.5,3.8,3.0
489360,2005,359,2400,23.5,28.8,2.4,6.6,87.3
489360,2005,360,12200,22.8,30.2,2.2,6.4,3.5
489360,2005,361,18900,23.1,29.7,2.2,3.4,0.0
489360,2005,362,19900,23.4,31.1,2.4,1.6,2.3
489360,2005,363,16700,23.4,30.6,2.6,1.3,0.0
489360,2005,364,21500,23.2,29.9,2.4,1.8,0.0
489360,2005,365,21700,23.9,31.0,2.7,1.8,0.0
