119.875, 5.125, 29.96, 0, 0
489360,1999,1,9300,23.5,30.0,2.4,3.6,68.1
489360,1999,2,12400,23.8,29.6,2.3,3.2,9.0
489360,1999,3,13700,23.9,29.9,2.5,1.8,-99.0
489360,1999,4,17600,23.9,29.9,2.5,1.5,-99.0
489360,1999,5,17600,23.8,30.2,2.7,3.4,0.8
489360,1999,6,4100,23.8,30.0,2.4,7.1,87.5
489360,1999,7,18300,23.5,31.1,2.4,3.5,-99.0
489360,1999,8,14500,23.3,30.2,2.6,1.5,1.0
489360,1999,9,19900,23.5,30.8,2.6,2.2,-99.0
489360,1999,10,17700,23.0,29.7,2.5,2.0,-99.0
489360,1999,11,16000,23.6,30.6,2.6,2.5,1.8
489360,1999,12,20500,23.7,31.0,2.6,2.2,-99.0
489360,1999,13,18800,23.7,31.0,2.6,2.6,-99.0
489360,1999,14,19900,23.7,31.4,2.6,2.5,-99.0
489360,1999,15,17800,23.3,31.1,2.6,1.8,3.9
489360,1999,16,22000,23.4,30.8,2.6,2.3,2.5
489360,1999,17,20600,23.5,31.5,2.5,2.2,-99.0
489360,1999,18,19300,24.0,31.5,2.4,2.8,-99.0
489360,1999,19,7500,23.8,30.8,2.5,2.6,31.4
489360,1999,20,14600,23.6,30.1,2.6,1.8,1.7
489360,1999,21,13000,24.1,31.1,2.8,1.9,27.4
489360,1999,22,18200,24.1,30.7,2.6,2.3,3.1
489360,1999,23,16600,24.2,31.0,2.8,1.7,-99.0
489360,1999,24,11900,24.0,30.6,2.6,1.8,0.9
489360,1999,25,16100,24.1,30.5,2.7,1.7,-99.0
489360,1999,26,12200,23.8,29.9,2.8,1.2,12.5
489360,1999,27,15000,24.0,29.2,2.7,1.8,2.4
489360,1999,28,12000,23.9,29.4,2.6,1.9,4.9
489360,1999,29,13100,23.7,29.3,2.6,2.7,1.0
489360,1999,30,8100,23.7,30.0,2.5,3.3,-99.0
489360,1999,31,12200,24.1,30.8,2.7,1.5,2.4
489360,1999,32,6000,23.7,30.2,2.7,1.0,26.5
489360,1999,33,8400,23.7,30.1,2.7,1.7,12.4
489360,1999,34,9900,23.3,30.6,2.6,2.7,97.6
489360,1999,35,11000,23.7,30.0,2.5,3.9,27.2
489360,1999,36,18300,24.0,29.8,2.6,4.4,22.6
489360,1999,37,13000,23.6,29.5,2.6,3.3,12.4
489360,1999,38,10000,23.5,30.5,2.6,2.7,8.8
489360,1999,39,22000,23.4,30.9,2.5,2.6,0.0
489360,1999,40,19000,23.2,30.3,2.6,1.1,-99.0
489360,1999,41,21000,23.4,31.1,2.7,1.5,-99.0
489360,1999,42,19300,24.0,31.1,2.7,1.7,4.5
489360,1999,43,23800,23.5,31.0,2.4,3.4,-99.0
489360,1999,44,17700,23.8,30.9,2.4,4.7,11.1
489360,1999,45,24000,23.4,30.9,2.2,6.0,1.6
489360,1999,46,23000,23.6,30.9,2.3,4.9,2.1
489360,1999,47,23900,23.1,30.7,2.2,4.4,-99.0
489360,1999,48,23400,23.2,30.7,2.1,5.1,-99.0
489360,1999,49,23300,23.1,30.9,2.2,3.2,-99.0
489360,1999,50,23900,23.2,30.9,2.2,4.0,-99.0
489360,1999,51,24000,23.3,30.5,2.4,3.4,-99.0
489360,1999,52,21900,23.5,30.9,2.5,4.0,2.4
489360,1999,53,16600,23.6,31.4,2.5,4.1,-99.0
489360,1999,54,22000,23.6,30.7,2.5,2.5,0.9
489360,1999,55,15500,23.6,30.9,2.6,4.3,10.6
489360,1999,56,18700,23.7,31.1,2.7,1.1,-99.0
489360,1999,57,22900,23.9,31.4,2.7,1.8,-99.0
489360,1999,58,22300,23.8,31.4,2.6,3.2,-99.0
489360,1999,59,16300,23.5,31.5,2.5,2.8,14.5
489360,1999,60,14700,23.5,29.8,2.5,3.9,8.1
489360,1999,61,14200,23.8,30.6,2.6,2.4,0.1
489360,1999,62,16200,23.7,30.5,2.6,2.8,1.0
489360,1999,63,13600,23.6,30.4,2.5,3.4,8.2
489360,1999,64,4400,23.6,31.3,2.6,2.3,24.2
489360,1999,65,8300,23.5,30.6,2.6,3.0,10.4
489360,1999,66,22800,23.4,31.3,2.5,3.5,-99.0
489360,1999,67,19100,23.5,31.6,2.4,2.8,0.3
489360,1999,68,24600,23.7,31.8,2.5,2.1,0.7
489360,1999,69,24300,24.1,32.0,2.7,2.2,0.4
489360,1999,70,23100,24.0,31.6,2.7,1.3,0.6
489360,1999,71,7000,23.7,31.1,2.6,2.1,58.9
489360,1999,72,23000,23.9,32.0,2.5,1.4,0.5
489360,1999,73,23200,24.1,31.8,2.7,1.9,3.3
489360,1999,74,22700,24.2,31.2,2.7,0.6,-99.0
489360,1999,75,9700,23.8,31.0,2.7,1.5,21.4
489360,1999,76,13300,24.0,30.5,2.6,1.9,39.0
489360,1999,77,15700,23.9,30.6,2.5,2.6,2.7
489360,1999,78,20800,23.7,31.8,2.5,3.3,-99.0
489360,1999,79,22300,23.7,31.1,2.6,2.2,0.1
489360,1999,80,17900,23.5,31.2,2.6,1.4,21.2
489360,1999,81,9700,23.8,31.2,2.6,1.7,2.1
489360,1999,82,12000,23.9,31.3,2.6,1.3,3.6
489360,1999,83,11900,23.6,30.1,2.4,1.4,6.0
489360,1999,84,14000,23.7,30.6,2.7,1.0,5.3
489360,1999,85,14800,23.7,29.9,2.6,1.3,11.2
489360,1999,86,4600,23.8,29.8,2.6,1.2,21.6
489360,1999,87,7500,23.7,30.8,2.4,2.7,9.9
489360,1999,88,21600,23.7,31.0,2.5,3.0,-99.0
489360,1999,89,19400,23.7,31.4,2.6,2.5,-99.0
489360,1999,90,20600,23.9,31.6,2.6,2.8,0.5
489360,1999,91,19100,23.9,31.1,2.6,2.0,0.6
489360,1999,92,19000,23.7,30.8,2.5,2.2,-99.0
489360,1999,93,9600,23.7,31.3,2.7,1.0,20.2
489360,1999,94,22200,23.7,31.5,2.5,0.8,0.8
489360,1999,95,24600,23.8,31.0,2.5,1.8,23.5
489360,1999,96,22700,24.0,31.4,2.6,1.7,-99.0
489360,1999,97,23700,24.2,32.0,2.6,2.6,-99.0
489360,1999,98,24700,24.4,31.3,2.7,2.4,-99.0
489360,1999,99,24600,24.2,32.4,2.6,2.0,-99.0
489360,1999,100,25200,24.3,32.8,2.7,2.0,1.2
489360,1999,101,20800,24.2,32.6,2.4,1.6,-99.0
489360,1999,102,22500,24.0,32.1,2.6,1.1,-99.0
489360,1999,103,20800,24.1,32.2,2.5,1.2,-99.0
489360,1999,104,19800,24.3,31.9,2.7,0.8,0.1
489360,1999,105,15100,23.9,30.0,2.7,1.4,7.4
489360,1999,106,14700,23.8,31.0,2.5,2.4,9.7
489360,1999,107,20800,23.8,30.9,2.5,2.7,0.6
489360,1999,108,6000,23.7,31.2,2.6,2.7,47.5
489360,1999,109,15500,23.6,30.7,2.4,4.0,1.9
489360,1999,110,9900,23.9,30.4,2.6,3.3,11.0
489360,1999,111,15200,23.7,30.6,2.5,3.5,5.5
489360,1999,112,20900,23.8,31.3,2.3,3.5,2.6
489360,1999,113,17700,23.3,31.1,2.5,2.4,4.3
489360,1999,114,16100,23.7,31.2,2.6,2.9,0.1
489360,1999,115,20500,23.8,32.1,2.7,2.0,-99.0
489360,1999,116,21800,24.0,32.7,2.6,3.0,-99.0
489360,1999,117,24600,24.5,32.7,2.7,3.6,-99.0
489360,1999,118,23000,24.4,32.3,2.7,3.3,-99.0
489360,1999,119,24200,24.1,32.4,2.6,2.2,-99.0
489360,1999,120,24800,24.0,31.6,2.5,1.7,-99.0
489360,1999,121,15900,24.1,32.1,2.5,4.4,20.0
489360,1999,122,19900,23.9,31.8,2.4,2.2,-99.0
489360,1999,123,23500,23.5,31.9,2.4,2.6,-99.0
489360,1999,124,24500,24.0,32.4,2.6,2.0,3.7
489360,1999,125,25300,23.9,31.9,2.6,2.2,-99.0
489360,1999,126,19400,23.9,32.0,2.5,2.6,1.0
489360,1999,127,22100,24.0,31.9,2.5,2.8,6.1
489360,1999,128,21100,23.9,31.7,2.6,1.5,-99.0
489360,1999,129,23900,24.1,31.3,2.6,1.8,1.2
489360,1999,130,18000,23.8,31.2,2.5,1.5,14.2
489360,1999,131,18800,23.5,30.6,2.5,2.0,23.0
489360,1999,132,11400,23.5,30.1,2.6,1.5,27.1
489360,1999,133,12900,23.4,30.6,2.6,1.4,6.7
489360,1999,134,22000,24.6,32.0,2.6,2.6,4.9
489360,1999,135,21000,23.9,31.6,2.4,2.4,0.0
489360,1999,136,15600,23.9,31.0,2.7,2.1,1.9
489360,1999,137,22700,24.0,31.5,2.7,1.4,0.0
489360,1999,138,21600,24.2,32.0,2.8,2.0,0.0
489360,1999,139,22400,24.4,31.3,2.7,1.3,0.0
489360,1999,140,14400,23.6,30.8,2.5,2.0,7.9
489360,1999,141,14900,23.6,31.4,2.6,1.3,0.0
489360,1999,142,19900,24.0,31.1,2.7,1.2,0.3
489360,1999,143,21100,23.8,31.3,2.4,2.9,0.0
489360,1999,144,19300,23.7,31.1,2.6,1.9,0.0
489360,1999,145,20800,24.0,31.3,2.4,2.6,0.3
489360,1999,146,22400,24.0,30.6,2.6,2.7,0.0
489360,1999,147,20900,24.2,30.7,2.8,1.4,12.6
489360,1999,148,12700,23.8,30.3,2.3,3.2,18.0
489360,1999,149,11900,23.8,30.8,2.4,2.5,1.6
489360,1999,150,19800,23.9,31.6,2.3,2.7,0.0
489360,1999,151,19500,24.0,31.6,2.6,3.3,0.5
489360,1999,152,24200,24.4,31.7,2.6,4.1,1.7
489360,1999,153,14400,23.8,31.3,2.5,4.3,4.5
489360,1999,154,18800,23.6,31.7,2.4,3.0,8.1
489360,1999,155,21400,23.8,32.4,2.4,4.4,-99.0
489360,1999,156,15900,23.6,32.1,2.4,5.0,0.4
489360,1999,157,24300,24.0,32.5,2.4,5.5,-99.0
489360,1999,158,24100,23.7,32.5,2.3,4.9,-99.0
489360,1999,159,22900,23.8,32.4,2.5,2.8,0.8
489360,1999,160,20500,24.1,32.1,2.7,1.2,-99.0
489360,1999,161,21300,24.0,32.5,2.5,2.3,-99.0
489360,1999,162,21700,23.7,32.4,2.5,4.3,-99.0
489360,1999,163,12100,23.7,31.9,2.4,4.7,3.1
489360,1999,164,23100,23.6,32.1,2.4,4.0,-99.0
489360,1999,165,19100,23.4,31.6,2.6,2.2,3.2
489360,1999,166,10000,23.7,30.9,2.7,1.8,15.9
489360,1999,167,20300,23.6,31.3,2.4,3.1,1.3
489360,1999,168,15700,23.6,30.9,2.3,2.6,10.4
489360,1999,169,16500,23.6,31.5,2.3,3.5,-99.0
489360,1999,170,20400,23.7,31.5,2.6,3.2,-99.0
489360,1999,171,21000,23.6,31.6,2.5,2.2,6.3
489360,1999,172,11400,23.5,30.9,2.5,1.6,1.3
489360,1999,173,21500,23.6,31.8,2.5,2.5,9.8
489360,1999,174,16000,23.7,30.8,2.5,2.7,4.0
489360,1999,175,15800,23.4,31.2,2.4,3.3,2.0
489360,1999,176,12600,23.3,31.0,2.3,2.1,1.3
489360,1999,177,15900,22.8,30.9,2.3,2.7,-99.0
489360,1999,178,19800,23.3,30.9,2.7,1.7,11.2
489360,1999,179,16100,23.0,31.0,2.4,2.0,4.9
489360,1999,180,11400,23.1,30.4,2.4,4.6,18.1
489360,1999,181,17900,23.3,31.6,2.3,3.5,-99.0
489360,1999,182,22400,22.9,31.2,2.2,3.4,-99.0
489360,1999,183,19400,22.7,31.5,2.4,1.9,-99.0
489360,1999,184,22700,23.2,31.7,2.5,3.5,0.1
489360,1999,185,22700,23.8,31.8,2.5,2.4,2.5
489360,1999,186,16500,23.6,31.3,2.4,2.6,-99.0
489360,1999,187,23300,23.3,31.2,2.5,2.1,-99.0
489360,1999,188,18600,23.4,30.5,2.5,1.8,0.2
489360,1999,189,11600,23.3,30.3,2.5,4.0,11.7
489360,1999,190,19200,23.3,30.5,2.4,3.0,-99.0
489360,1999,191,20700,22.8,31.0,2.4,2.9,0.6
489360,1999,192,21800,23.2,31.3,2.4,3.5,-99.0
489360,1999,193,21100,23.3,31.5,2.3,4.3,3.5
489360,1999,194,19200,23.1,31.4,2.3,4.0,7.7
489360,1999,195,9000,23.3,30.9,2.4,3.4,3.8
489360,1999,196,22400,23.3,31.4,2.4,3.7,0.1
489360,1999,197,14800,23.3,30.9,2.5,2.9,9.2
489360,1999,198,19000,23.0,30.2,2.4,3.3,0.2
489360,1999,199,17300,22.8,30.6,2.2,4.8,0.9
489360,1999,200,17400,23.3,30.5,2.3,4.2,15.4
489360,1999,201,20600,23.2,31.3,2.3,4.6,-99.0
489360,1999,202,20400,23.8,31.6,2.5,4.6,-99.0
489360,1999,203,20500,23.6,31.8,2.4,6.1,0.2
489360,1999,204,17800,24.0,32.1,2.4,6.5,-99.0
489360,1999,205,22600,24.1,32.7,2.3,8.5,0.9
489360,1999,206,23000,23.4,33.2,2.3,8.0,-99.0
489360,1999,207,24000,23.7,32.8,2.3,6.3,-99.0
489360,1999,208,22300,23.9,32.7,2.5,4.4,4.0
489360,1999,209,7000,23.2,30.3,2.4,4.1,12.4
489360,1999,210,13300,23.1,30.7,2.5,4.0,1.6
489360,1999,211,17200,23.4,31.8,2.5,4.7,-99.0
489360,1999,212,11700,23.3,31.9,2.6,3.4,-99.0
489360,1999,213,19800,23.9,31.7,2.5,4.6,-99.0
489360,1999,214,13900,24.0,31.5,2.5,4.8,1.2
489360,1999,215,14000,23.4,32.0,2.4,5.8,5.0
489360,1999,216,25200,23.0,32.4,2.2,5.7,-99.0
489360,1999,217,12800,24.0,31.4,2.4,5.7,5.8
489360,1999,218,19200,24.2,32.9,2.4,5.8,-99.0
489360,1999,219,23200,24.1,32.7,2.4,4.4,-99.0
489360,1999,220,22200,23.4,32.3,2.4,3.2,-99.0
489360,1999,221,20300,23.4,32.1,2.3,3.0,3.4
489360,1999,222,13800,23.8,31.6,2.5,2.5,0.8
489360,1999,223,10000,23.7,31.0,2.4,2.2,25.1
489360,1999,224,6100,23.1,28.7,2.3,2.3,33.3
489360,1999,225,9500,23.1,30.1,2.3,2.6,0.7
489360,1999,226,23400,23.1,31.0,2.2,2.1,-99.0
489360,1999,227,24100,23.0,31.2,2.1,1.9,0.8
489360,1999,228,20900,23.2,30.3,2.4,1.2,-99.0
489360,1999,229,17600,23.3,30.9,2.5,2.2,0.1
489360,1999,230,16700,23.4,31.1,2.4,2.6,5.0
489360,1999,231,15700,23.6,31.0,2.4,5.4,0.2
489360,1999,232,9300,23.9,31.1,2.6,3.9,12.8
489360,1999,233,19600,23.8,31.7,2.6,4.1,-99.0
489360,1999,234,22300,23.6,32.2,2.6,3.4,-99.0
489360,1999,235,20100,23.9,31.6,2.7,2.2,-99.0
489360,1999,236,15100,23.5,30.7,2.5,1.7,-99.0
489360,1999,237,20900,22.9,30.9,2.5,1.6,4.2
489360,1999,238,24000,23.1,30.5,2.6,1.3,-99.0
489360,1999,239,13700,23.5,30.5,2.5,1.7,21.5
489360,1999,240,13900,23.4,29.4,2.6,0.9,24.9
489360,1999,241,20300,23.0,30.5,2.5,2.3,-99.0
489360,1999,242,21100,22.6,30.4,2.3,2.2,1.4
489360,1999,243,19500,22.6,30.9,2.2,2.3,0.3
489360,1999,244,16100,23.4,30.6,2.4,3.6,34.9
489360,1999,245,7400,23.5,30.4,2.5,4.3,17.0
489360,1999,246,10700,23.2,31.4,2.3,4.8,3.6
489360,1999,247,11900,23.3,31.3,2.4,5.0,8.9
489360,1999,248,15400,23.3,31.7,2.3,3.9,-99.0
489360,1999,249,23700,23.2,30.8,2.3,1.9,-99.0
489360,1999,250,22000,23.2,32.1,2.3,2.2,-99.0
489360,1999,251,21400,23.0,31.3,2.3,2.8,5.6
489360,1999,252,24700,23.4,32.0,2.3,2.5,-99.0
489360,1999,253,26200,23.5,31.3,2.4,1.6,-99.0
489360,1999,254,22300,23.4,30.9,2.4,2.2,12.5
489360,1999,255,24100,24.1,31.9,2.4,2.6,-99.0
489360,1999,256,24600,23.5,32.3,2.3,4.9,-99.0
489360,1999,257,22900,23.5,32.0,2.3,3.8,-99.0
489360,1999,258,20100,23.6,31.6,2.6,2.3,0.9
489360,1999,259,22600,23.7,31.7,2.4,3.3,-99.0
489360,1999,260,22100,23.5,31.6,2.3,2.7,0.2
489360,1999,261,24100,23.4,32.4,2.2,3.3,-99.0
489360,1999,262,21500,23.4,31.9,2.5,2.5,-99.0
489360,1999,263,25700,23.8,32.2,2.6,2.2,1.4
489360,1999,264,20100,23.6,32.1,2.4,1.5,-99.0
489360,1999,265,24100,23.3,32.2,2.3,2.7,-99.0
489360,1999,266,23000,23.9,32.1,2.4,2.7,-99.0
489360,1999,267,23700,23.4,31.7,2.5,1.9,-99.0
489360,1999,268,22400,23.9,31.9,2.7,2.3,-99.0
489360,1999,269,21700,23.9,31.5,2.7,2.2,-99.0
489360,1999,270,18000,23.6,31.0,2.4,3.9,5.0
489360,1999,271,22700,23.3,31.4,2.4,2.1,-99.0
489360,1999,272,24300,23.2,31.3,2.4,3.0,1.0
489360,1999,273,22900,23.4,31.7,2.5,3.2,0.9
489360,1999,274,15800,23.3,31.3,2.4,3.2,5.7
489360,1999,275,23800,22.8,31.7,2.3,2.5,-99.0
489360,1999,276,19300,23.3,32.1,2.5,2.5,10.0
489360,1999,277,25100,23.4,32.0,2.5,1.8,-99.0
489360,1999,278,25600,23.7,32.3,2.4,2.6,-99.0
489360,1999,279,23700,23.9,32.1,2.4,3.2,-99.0
489360,1999,280,17100,23.6,31.7,2.5,2.3,2.8
489360,1999,281,15600,23.6,31.5,2.6,1.2,13.8
489360,1999,282,17400,23.4,31.1,2.6,1.6,1.4
489360,1999,283,17800,23.3,31.1,2.6,1.8,1.9
489360,1999,284,20600,23.1,30.6,2.5,2.1,5.8
489360,1999,285,16500,23.3,32.1,2.4,3.3,4.0
489360,1999,286,23500,23.4,32.0,2.6,1.6,-99.0
489360,1999,287,25600,23.3,31.7,2.6,2.0,0.0
489360,1999,288,23000,23.6,32.0,2.4,2.3,0.4
489360,1999,289,24800,23.7,31.9,2.3,3.3,-99.0
489360,1999,290,22400,23.6,31.6,2.4,3.7,-99.0
489360,1999,291,22400,23.4,31.6,2.4,4.3,-99.0
489360,1999,292,13900,23.6,31.6,2.5,1.8,26.8
489360,1999,293,10400,23.6,30.7,2.5,2.0,7.7
489360,1999,294,7800,23.9,30.4,2.6,2.7,3.5
489360,1999,295,10500,23.6,30.3,2.4,3.3,7.6
489360,1999,296,17500,23.6,31.0,2.3,3.2,0.2
489360,1999,297,22300,23.9,30.7,2.3,2.1,-99.0
489360,1999,298,7500,23.8,31.4,2.5,2.4,66.9
489360,1999,299,20400,23.3,30.8,2.5,2.8,-99.0
489360,1999,300,22500,23.6,31.6,2.5,2.1,-99.0
489360,1999,301,23000,24.0,31.5,2.5,2.5,-99.0
489360,1999,302,13400,23.6,30.9,2.5,1.9,10.7
489360,1999,303,14300,23.4,30.0,2.4,3.1,7.3
489360,1999,304,13400,23.3,30.7,2.5,1.7,5.3
489360,1999,305,11900,23.6,30.9,2.6,2.6,6.4
489360,1999,306,12600,23.5,30.9,2.3,4.6,20.0
489360,1999,307,6700,23.5,30.4,2.4,5.3,24.1
489360,1999,308,10900,23.4,30.9,2.4,4.4,3.0
489360,1999,309,18200,23.7,31.6,2.5,1.3,-99.0
489360,1999,310,15700,23.9,31.4,2.4,3.3,-99.0
489360,1999,311,12800,23.6,30.9,2.4,4.5,7.8
489360,1999,312,10800,23.8,30.7,2.4,4.9,6.8
489360,1999,313,21300,23.8,31.7,2.4,4.3,-99.0
489360,1999,314,18200,23.8,31.7,2.3,3.2,-99.0
489360,1999,315,17400,24.2,31.6,2.5,3.6,-99.0
489360,1999,316,11900,23.9,30.9,2.5,2.9,22.8
489360,1999,317,23700,23.5,31.2,2.2,3.4,-99.0
489360,1999,318,13600,23.3,30.8,2.3,2.0,0.5
489360,1999,319,22200,23.4,31.1,2.3,2.0,-99.0
489360,1999,320,21100,23.6,31.1,2.4,1.8,-99.0
489360,1999,321,16600,23.4,30.3,2.6,1.0,4.6
489360,1999,322,17600,23.3,30.5,2.4,1.4,-99.0
489360,1999,323,16500,23.4,30.6,2.5,1.4,0.2
489360,1999,324,20100,23.8,31.1,2.4,1.6,1.0
489360,1999,325,23900,23.6,30.8,2.5,0.8,-99.0
489360,1999,326,8400,23.6,31.4,2.5,2.7,12.5
489360,1999,327,22300,23.5,31.1,2.5,3.0,-99.0
489360,1999,328,22400,23.8,31.8,2.6,2.3,-99.0
489360,1999,329,21900,24.0,31.3,2.7,1.5,-99.0
489360,1999,330,21200,23.7,31.6,2.4,2.3,-99.0
489360,1999,331,22100,23.9,31.5,2.6,1.0,-99.0
489360,1999,332,15900,23.8,30.6,2.5,2.1,0.2
489360,1999,333,21500,23.5,30.8,2.6,0.9,-99.0
489360,1999,334,18700,23.4,31.2,2.6,2.4,2.4
489360,1999,335,22200,23.9,31.3,2.5,2.4,-99.0
489360,1999,336,20300,24.0,31.4,2.6,1.7,-99.0
489360,1999,337,14800,24.1,30.3,2.6,1.5,5.9
489360,1999,338,17700,23.7,31.4,2.5,2.8,0.5
489360,1999,339,19800,24.1,31.3,2.6,2.2,-99.0
489360,1999,340,20300,24.6,31.0,2.6,2.9,-99.0
489360,1999,341,20000,24.4,31.8,2.6,4.3,-99.0
489360,1999,342,22300,24.2,31.9,2.6,4.0,-99.0
489360,1999,343,19200,24.4,32.1,2.6,4.0,25.0
489360,1999,344,10600,24.0,31.6,2.6,2.7,22.9
489360,1999,345,16500,23.9,30.9,2.5,2.6,15.2
489360,1999,346,4400,23.9,29.0,2.4,3.1,22.1
489360,1999,347,22000,23.8,31.0,2.4,1.8,-99.0
489360,1999,348,21600,23.8,31.5,2.7,3.6,-99.0
489360,1999,349,14200,24.2,31.1,2.5,3.8,3.2
489360,1999,350,22000,24.1,31.2,2.7,2.2,3.1
489360,1999,351,16100,23.7,31.0,2.5,1.9,1.8
489360,1999,352,11000,24.1,30.4,2.6,2.2,34.2
489360,1999,353,15300,23.5,30.9,2.5,2.1,-99.0
489360,1999,354,16600,23.7,31.9,2.6,1.6,2.0
489360,1999,355,13800,24.0,31.0,2.6,1.8,3.9
489360,1999,356,20300,24.3,30.7,2.7,2.6,-99.0
489360,1999,357,20700,24.2,30.4,2.6,3.6,1.0
489360,1999,358,4200,23.8,29.3,2.7,3.1,22.0
489360,1999,359,20200,23.6,29.7,2.7,1.8,-99.0
489360,1999,360,14100,23.9,30.3,2.6,2.4,15.4
489360,1999,361,21400,23.9,30.6,2.5,1.7,-99.0
489360,1999,362,15200,23.9,30.7,2.6,1.7,9.9
489360,1999,363,19100,23.8,30.0,2.5,3.0,0.7
489360,1999,364,20000,23.8,30.8,2.5,2.0,6.0
489360,1999,365,15000,24.3,31.1,2.6,3.6,38.2
