119.875, 5.125, 29.96, 0, 0
489360,2007,1,8800,23.8,28.9,2.7,1.9,43.8
489360,2007,2,4200,23.6,29.8,2.7,1.7,6.5
489360,2007,3,12100,23.8,29.9,2.7,0.5,26.6
489360,2007,4,12400,23.8,29.7,2.6,1.4,4.5
489360,2007,5,10800,23.8,30.8,2.6,1.1,-99.0
489360,2007,6,22100,24.2,31.2,2.7,2.6,-99.0
489360,2007,7,13200,23.6,30.0,2.7,1.8,1.5
489360,2007,8,2700,23.4,28.5,2.6,4.6,29.6
489360,2007,9,1000,23.4,28.1,2.5,5.6,76.6
489360,2007,10,12500,23.5,30.4,2.5,2.3,-99.0
489360,2007,11,10100,23.1,29.8,2.5,3.6,-99.0
489360,2007,12,13400,23.7,30.4,2.6,2.7,0.6
489360,2007,13,5800,23.8,29.9,2.6,2.2,60.5
489360,2007,14,16800,23.1,30.6,2.6,2.4,-99.0
489360,2007,15,9000,23.3,30.5,2.6,1.7,11.5
489360,2007,16,17600,23.5,30.9,2.5,2.1,-99.0
489360,2007,17,23200,23.7,30.9,2.4,3.8,-99.0
489360,2007,18,19000,23.7,31.3,2.6,2.7,-99.0
489360,2007,19,22300,23.9,31.1,2.6,3.2,-99.0
489360,2007,20,18700,24.2,30.9,2.7,3.2,-99.0
489360,2007,21,12900,24.6,31.8,2.7,3.1,7.2
489360,2007,22,23400,24.4,31.4,2.7,4.0,-99.0
489360,2007,23,19300,24.1,30.5,2.6,3.7,-99.0
489360,2007,24,19400,24.2,31.1,2.7,2.1,0.8
489360,2007,25,17400,24.0,31.1,2.7,2.4,-99.0
489360,2007,26,20000,23.4,30.5,2.3,4.5,3.8
489360,2007,27,21400,23.2,31.4,2.4,4.7,0.9
489360,2007,28,22500,23.5,30.5,2.4,6.8,-99.0
489360,2007,29,12800,23.2,29.9,2.3,6.2,-99.0
489360,2007,30,16800,23.3,30.4,2.4,6.4,-99.0
489360,2007,31,18700,23.6,30.1,2.4,6.2,0.8
489360,2007,32,19800,23.2,30.0,2.3,6.0,-99.0
489360,2007,33,18600,23.2,29.9,2.4,5.6,-99.0
489360,2007,34,22100,23.3,30.3,2.4,6.7,20.9
489360,2007,35,22200,23.4,30.4,2.4,7.2,5.3
489360,2007,36,20000,23.7,30.4,2.5,5.7,-99.0
489360,2007,37,12900,23.9,30.7,2.6,5.7,-99.0
489360,2007,38,20100,23.8,30.8,2.7,3.4,-99.0
489360,2007,39,22000,24.3,31.0,2.7,3.3,-99.0
489360,2007,40,18400,24.0,31.0,2.6,3.0,-99.0
489360,2007,41,18700,23.9,31.0,2.7,3.0,-99.0
489360,2007,42,22400,23.7,31.5,2.5,4.4,-99.0
489360,2007,43,23300,23.7,31.1,2.5,3.8,-99.0
489360,2007,44,22000,23.9,31.5,2.6,3.3,-99.0
489360,2007,45,23100,23.6,31.8,2.6,2.8,-99.0
489360,2007,46,19700,23.5,31.7,2.5,2.1,-99.0
489360,2007,47,23500,23.7,31.4,2.4,3.4,-99.0
489360,2007,48,23900,23.5,31.8,2.4,1.8,-99.0
489360,2007,49,22800,23.5,31.6,2.6,2.1,-99.0
489360,2007,50,20500,23.6,31.6,2.7,1.7,-99.0
489360,2007,51,24200,23.1,31.8,2.6,2.2,-99.0
489360,2007,52,25700,23.2,31.6,2.6,1.6,-99.0
489360,2007,53,20300,23.6,31.8,2.6,2.5,-99.0
489360,2007,54,24600,23.5,31.9,2.6,2.7,-99.0
489360,2007,55,17700,23.8,31.3,2.7,1.3,-99.0
489360,2007,56,15500,23.6,31.7,2.7,2.2,10.8
489360,2007,57,21700,23.4,31.1,2.7,1.1,-99.0
489360,2007,58,14400,23.1,31.7,2.6,2.1,-99.0
489360,2007,59,25400,23.5,31.4,2.5,3.2,5.1
489360,2007,60,25700,23.7,32.3,2.6,3.1,-99.0
489360,2007,61,24400,23.7,31.8,2.4,3.8,-99.0
489360,2007,62,26900,23.2,32.0,2.4,2.6,0.8
489360,2007,63,24800,23.2,32.2,2.6,1.5,2.3
489360,2007,64,26100,23.8,32.2,2.7,1.5,-99.0
489360,2007,65,27400,23.2,32.2,2.4,3.9,-99.0
489360,2007,66,25800,22.9,32.4,2.1,4.1,0.9
489360,2007,67,26600,23.0,32.6,2.1,4.0,-99.0
489360,2007,68,19700,23.9,31.9,2.4,3.4,-99.0
489360,2007,69,23700,24.2,32.3,2.4,3.4,-99.0
489360,2007,70,19100,24.0,32.1,2.6,2.1,-99.0
489360,2007,71,24700,23.6,32.0,2.5,1.8,0.6
489360,2007,72,17500,23.6,31.9,2.6,2.4,-99.0
489360,2007,73,21100,23.9,32.2,2.6,2.3,-99.0
489360,2007,74,23200,24.0,32.3,2.6,1.1,-99.0
489360,2007,75,22100,23.8,32.3,2.7,1.5,0.0
489360,2007,76,4600,23.6,30.8,2.8,1.1,76.1
489360,2007,77,10800,24.1,30.7,2.7,1.2,3.0
489360,2007,78,17200,23.7,30.8,2.6,1.5,0.5
489360,2007,79,18500,23.8,31.2,2.6,1.7,5.2
489360,2007,80,21600,23.9,30.7,2.6,2.2,3.2
489360,2007,81,6800,23.8,29.7,2.6,2.0,13.8
489360,2007,82,11700,23.5,31.1,2.6,2.0,51.9
489360,2007,83,7700,23.1,30.9,2.6,1.9,6.4
489360,2007,84,21700,22.9,30.9,2.4,1.9,-99.0
489360,2007,85,15300,22.9,31.6,2.4,2.2,4.3
489360,2007,86,24600,23.3,32.1,2.4,2.7,-99.0
489360,2007,87,25500,24.1,31.9,2.6,2.7,-99.0
489360,2007,88,19300,24.1,32.6,2.7,1.5,1.5
489360,2007,89,26000,24.1,32.4,2.7,1.8,0.1
489360,2007,90,25900,24.1,32.4,2.7,2.9,-99.0
489360,2007,91,26000,23.7,32.5,2.7,1.6,5.8
489360,2007,92,26600,23.4,32.3,2.5,1.8,1.1
489360,2007,93,26200,23.6,32.7,2.4,2.9,-99.0
489360,2007,94,25100,23.6,31.9,2.5,2.0,-99.0
489360,2007,95,23900,23.5,32.5,2.5,2.6,-99.0
489360,2007,96,24400,23.9,32.3,2.5,2.7,-99.0
489360,2007,97,25500,24.1,32.4,2.7,1.6,1.3
489360,2007,98,26200,24.2,32.4,2.7,1.8,-99.0
489360,2007,99,24900,24.1,32.5,2.7,1.1,-99.0
489360,2007,100,23900,24.2,32.4,2.7,1.0,2.7
489360,2007,101,24000,24.4,32.8,2.8,1.1,-99.0
489360,2007,102,25400,24.0,33.4,2.7,1.3,-99.0
489360,2007,103,25600,24.2,32.8,2.7,1.4,-99.0
489360,2007,104,23500,24.3,33.1,2.8,1.7,-99.0
489360,2007,105,25900,24.3,33.0,2.7,2.8,-99.0
489360,2007,106,25200,24.3,32.9,2.7,1.5,-99.0
489360,2007,107,26600,24.4,33.4,2.6,2.3,-99.0
489360,2007,108,25500,24.5,33.7,2.7,1.9,-99.0
489360,2007,109,23100,24.5,33.5,2.8,2.0,1.2
489360,2007,110,18800,24.4,32.7,2.8,1.4,-99.0
489360,2007,111,16700,24.7,32.8,2.8,1.6,-99.0
489360,2007,112,21700,24.4,32.9,2.8,1.0,-99.0
489360,2007,113,25600,24.3,32.9,2.5,2.2,-99.0
489360,2007,114,25200,24.2,33.1,2.8,1.5,8.7
489360,2007,115,21900,24.4,32.2,2.8,1.6,0.7
489360,2007,116,18400,24.3,32.2,2.8,1.7,1.7
489360,2007,117,12600,24.2,30.5,2.7,1.6,64.9
489360,2007,118,16000,24.0,31.2,2.7,1.1,-99.0
489360,2007,119,9300,24.2,31.3,2.7,1.1,8.1
489360,2007,120,18000,24.1,32.1,2.7,2.2,-99.0
489360,2007,121,20400,24.3,31.9,2.7,1.4,0.9
489360,2007,122,22800,24.4,32.3,2.6,1.1,-99.0
489360,2007,123,19700,24.2,31.8,2.7,1.1,-99.0
489360,2007,124,24200,24.2,32.1,2.7,1.9,-99.0
489360,2007,125,21200,24.2,32.0,2.8,0.8,2.6
489360,2007,126,11800,24.1,31.3,2.7,2.9,-99.0
489360,2007,127,21100,24.0,32.0,2.5,3.5,-99.0
489360,2007,128,25700,23.5,32.3,2.4,3.2,1.7
489360,2007,129,25100,24.3,33.4,2.5,1.8,-99.0
489360,2007,130,23500,24.0,32.6,2.6,2.1,15.0
489360,2007,131,19200,24.0,32.6,2.6,2.2,-99.0
489360,2007,132,21800,24.1,32.4,2.8,1.2,8.2
489360,2007,133,16800,23.9,32.7,2.6,2.5,-99.0
489360,2007,134,25100,24.0,33.0,2.5,2.5,-99.0
489360,2007,135,25000,24.3,33.0,2.6,2.5,-99.0
489360,2007,136,24100,23.9,32.8,2.6,1.9,0.7
489360,2007,137,24700,24.1,32.7,2.7,2.7,-99.0
489360,2007,138,25700,24.2,33.6,2.6,2.0,-99.0
489360,2007,139,25000,24.1,32.9,2.6,1.6,7.1
489360,2007,140,24800,24.1,32.5,2.6,2.5,-99.0
489360,2007,141,25700,23.7,32.7,2.4,2.5,-99.0
489360,2007,142,25200,23.9,32.8,2.8,2.2,-99.0
489360,2007,143,24900,24.1,32.6,2.5,2.7,9.0
489360,2007,144,25100,24.1,33.3,2.4,2.4,-99.0
489360,2007,145,25100,24.0,32.8,2.5,2.6,-99.0
489360,2007,146,24000,24.1,32.5,2.7,2.0,4.0
489360,2007,147,22000,24.1,32.9,2.6,2.7,-99.0
489360,2007,148,24400,23.8,32.8,2.6,2.3,-99.0
489360,2007,149,25100,24.0,32.6,2.6,2.6,20.6
489360,2007,150,15900,23.8,32.1,2.7,1.2,5.5
489360,2007,151,21100,23.7,32.2,2.6,1.4,-99.0
489360,2007,152,22100,23.7,32.5,2.5,1.6,-99.0
489360,2007,153,23200,24.0,32.3,2.5,2.0,-99.0
489360,2007,154,22500,24.1,32.5,2.5,1.6,-99.0
489360,2007,155,23000,24.2,32.9,2.5,1.2,-99.0
489360,2007,156,21200,24.3,32.3,2.7,1.4,-99.0
489360,2007,157,20900,24.0,32.0,2.6,2.1,-99.0
489360,2007,158,3800,23.9,31.2,2.7,1.8,33.5
489360,2007,159,22200,24.1,32.4,2.7,1.9,-99.0
489360,2007,160,22400,24.2,32.9,2.7,1.3,-99.0
489360,2007,161,20700,24.1,32.4,2.7,2.4,-99.0
489360,2007,162,22100,24.2,31.7,2.6,3.2,-99.0
489360,2007,163,18100,24.0,31.7,2.7,2.0,1.3
489360,2007,164,7500,23.9,31.6,2.7,2.2,6.6
489360,2007,165,21600,24.1,32.4,2.6,2.5,-99.0
489360,2007,166,20200,24.0,32.6,2.6,1.8,-99.0
489360,2007,167,22200,24.0,31.2,2.7,1.2,-99.0
489360,2007,168,21300,24.1,32.6,2.7,1.6,-99.0
489360,2007,169,20700,23.9,31.0,2.6,1.5,1.7
489360,2007,170,12500,24.0,31.3,2.7,1.6,9.0
489360,2007,171,23900,24.0,31.6,2.6,2.7,-99.0
489360,2007,172,12100,23.8,31.2,2.6,2.6,3.2
489360,2007,173,12000,23.8,30.8,2.5,3.4,3.7
489360,2007,174,16300,23.9,32.4,2.6,3.1,-99.0
489360,2007,175,23200,23.8,32.0,2.7,1.7,-99.0
489360,2007,176,22400,24.0,32.1,2.7,1.0,-99.0
489360,2007,177,6600,23.9,31.4,2.7,1.3,19.0
489360,2007,178,19000,23.4,31.5,2.7,1.7,3.3
489360,2007,179,24200,23.4,32.6,2.6,0.9,-99.0
489360,2007,180,12600,23.1,31.5,2.6,2.6,15.9
489360,2007,181,11000,23.3,29.0,2.5,3.7,10.8
489360,2007,182,13000,23.2,31.0,2.5,2.8,0.0
489360,2007,183,18600,23.7,32.1,2.7,2.1,-99.0
489360,2007,184,23800,23.8,32.8,2.7,2.4,-99.0
489360,2007,185,21200,24.1,32.0,2.7,0.9,-99.0
489360,2007,186,22100,23.9,31.6,2.6,2.5,0.9
489360,2007,187,21400,23.7,32.0,2.6,2.5,13.4
489360,2007,188,17800,23.4,31.8,2.5,4.1,-99.0
489360,2007,189,18400,23.2,31.8,2.5,2.4,-99.0
489360,2007,190,13000,23.2,31.7,2.4,5.3,12.4
489360,2007,191,17300,23.2,31.2,2.4,2.6,-99.0
489360,2007,192,9900,23.3,29.8,2.4,3.9,3.2
489360,2007,193,15600,23.5,31.3,2.4,5.8,16.2
489360,2007,194,8400,23.4,30.2,2.4,6.1,22.6
489360,2007,195,14400,23.6,32.0,2.4,4.3,0.9
489360,2007,196,23000,24.0,32.1,2.5,3.8,-99.0
489360,2007,197,11700,23.6,30.9,2.5,2.8,21.1
489360,2007,198,18700,23.5,31.2,2.6,2.9,-99.0
489360,2007,199,22600,23.7,31.8,2.5,3.0,-99.0
489360,2007,200,18000,24.0,31.7,2.6,3.6,-99.0
489360,2007,201,13400,23.8,31.1,2.7,2.2,41.8
489360,2007,202,23600,24.4,31.7,2.7,3.1,0.1
489360,2007,203,21600,24.3,31.8,2.7,2.6,-99.0
489360,2007,204,18300,24.1,31.3,2.6,2.2,20.5
489360,2007,205,11900,23.5,30.7,2.5,2.0,4.7
489360,2007,206,21000,23.3,30.8,2.4,2.1,16.8
489360,2007,207,14600,23.3,29.4,2.6,3.0,47.1
489360,2007,208,11800,23.2,29.0,2.4,3.5,4.4
489360,2007,209,22000,23.0,30.2,2.6,0.9,-99.0
489360,2007,210,19400,22.9,30.4,2.5,1.4,12.7
489360,2007,211,16200,23.4,29.6,2.4,1.9,26.8
489360,2007,212,16700,23.2,29.5,2.4,2.4,-99.0
489360,2007,213,15200,23.1,29.7,2.4,3.5,-99.0
489360,2007,214,12700,22.7,29.5,2.3,3.7,8.8
489360,2007,215,10900,22.7,29.6,2.2,4.7,24.3
489360,2007,216,19900,23.4,31.2,2.4,6.0,-99.0
489360,2007,217,14300,23.9,31.8,2.6,3.9,-99.0
489360,2007,218,23100,23.7,32.3,2.5,3.7,-99.0
489360,2007,219,15800,23.1,32.1,2.3,4.6,20.4
489360,2007,220,21400,23.7,32.4,2.4,6.4,-99.0
489360,2007,221,22900,23.7,32.3,2.4,6.9,-99.0
489360,2007,222,24200,23.7,32.6,2.4,4.4,-99.0
489360,2007,223,18400,23.5,31.8,2.4,3.7,1.1
489360,2007,224,24900,23.7,33.2,2.4,4.1,-99.0
489360,2007,225,25100,23.7,33.0,2.2,4.4,-99.0
489360,2007,226,23100,23.5,32.3,2.4,3.9,-99.0
489360,2007,227,23800,23.7,32.5,2.4,3.6,-99.0
489360,2007,228,-9900,23.6,31.2,2.3,4.9,-99.0
489360,2007,229,21900,23.5,32.5,2.3,3.8,-99.0
489360,2007,230,23100,23.5,32.4,2.5,3.6,0.0
489360,2007,231,17800,23.1,31.1,2.4,3.4,4.4
489360,2007,232,22100,23.1,32.4,2.4,2.7,2.5
489360,2007,233,23100,23.4,31.5,2.4,1.6,-99.0
489360,2007,234,22300,23.4,30.8,2.4,1.7,-99.0
489360,2007,235,13800,23.4,30.3,2.4,1.3,2.1
489360,2007,236,12000,23.2,30.2,2.6,2.6,0.5
489360,2007,237,10800,23.3,29.6,2.5,3.2,6.1
489360,2007,238,15600,22.9,30.3,2.4,3.2,0.4
489360,2007,239,9600,23.3,29.5,2.4,3.2,84.1
489360,2007,240,23600,23.1,29.2,2.5,4.5,5.1
489360,2007,241,21200,23.5,31.7,2.6,1.4,-99.0
489360,2007,242,19700,23.1,31.4,2.4,2.3,-99.0
489360,2007,243,0,23.4,31.9,2.6,1.5,-99.0
489360,2007,244,23800,23.6,31.9,2.7,1.2,-99.0
489360,2007,245,22900,23.7,31.8,2.6,2.2,1.0
489360,2007,246,24600,23.9,32.4,2.6,3.2,-99.0
489360,2007,247,25500,23.9,32.4,2.4,2.3,-99.0
489360,2007,248,14600,23.8,31.3,2.8,1.1,10.6
489360,2007,249,23500,23.6,32.1,2.6,2.4,-99.0
489360,2007,250,24400,23.9,32.2,2.7,2.1,-99.0
489360,2007,251,20100,23.8,31.1,2.6,3.1,2.5
489360,2007,252,17600,23.5,31.0,2.4,3.9,14.4
489360,2007,253,7100,23.6,29.3,2.5,2.9,41.0
489360,2007,254,15600,23.2,30.6,2.4,3.7,8.1
489360,2007,255,10600,23.3,29.7,2.4,4.8,5.1
489360,2007,256,21900,23.3,31.7,2.4,5.0,-99.0
489360,2007,257,16200,23.7,31.6,2.5,3.9,8.3
489360,2007,258,21500,24.3,32.0,2.7,3.9,-99.0
489360,2007,259,16500,23.8,30.8,2.6,2.9,0.3
489360,2007,260,22500,23.5,32.1,2.5,2.4,5.0
489360,2007,261,14900,23.2,31.1,2.4,3.7,3.8
489360,2007,262,17800,23.4,32.3,2.3,4.4,-99.0
489360,2007,263,18800,23.5,32.8,2.4,4.0,-99.0
489360,2007,264,21600,23.8,32.4,2.5,3.8,-99.0
489360,2007,265,12300,23.6,32.2,2.6,2.4,1.1
489360,2007,266,20200,23.2,32.3,2.4,4.1,-99.0
489360,2007,267,24200,23.7,32.7,2.4,3.8,-99.0
489360,2007,268,16600,23.5,31.5,2.4,2.0,18.2
489360,2007,269,22800,23.5,31.6,2.3,1.6,0.4
489360,2007,270,17600,23.3,31.4,2.3,2.3,7.4
489360,2007,271,11500,23.2,29.3,2.4,5.9,-99.0
489360,2007,272,22000,23.3,32.0,2.4,4.9,-99.0
489360,2007,273,19900,23.4,32.1,2.2,6.6,1.2
489360,2007,274,23500,23.9,32.4,2.3,5.4,2.6
489360,2007,275,24900,23.9,33.0,2.6,3.7,-99.0
489360,2007,276,23700,23.7,32.7,2.5,3.5,-99.0
489360,2007,277,21300,24.2,33.1,2.5,2.9,-99.0
489360,2007,278,22900,23.8,32.8,2.5,3.3,-99.0
489360,2007,279,23100,23.8,33.3,2.6,3.3,-99.0
489360,2007,280,25000,23.7,33.1,2.5,3.1,-99.0
489360,2007,281,22300,23.5,32.5,2.6,1.6,11.0
489360,2007,282,13400,22.9,31.4,2.5,1.0,8.6
489360,2007,283,21400,22.8,31.6,2.4,1.0,1.1
489360,2007,284,22900,23.1,31.4,2.3,1.3,-99.0
489360,2007,285,24500,23.2,31.9,2.2,2.0,-99.0
489360,2007,286,24300,23.6,32.4,2.5,1.2,-99.0
489360,2007,287,23500,23.6,32.0,2.5,1.0,-99.0
489360,2007,288,23800,23.3,31.7,2.6,1.2,-99.0
489360,2007,289,21700,23.4,32.3,2.3,1.4,-99.0
489360,2007,290,12800,23.7,31.8,2.4,2.6,0.3
489360,2007,291,7600,23.3,31.4,2.6,1.2,19.1
489360,2007,292,23600,23.4,31.9,2.5,1.9,-99.0
489360,2007,293,21500,23.5,31.7,2.5,2.2,-99.0
489360,2007,294,22300,23.6,32.3,2.5,1.4,-99.0
489360,2007,295,22600,23.8,31.9,2.6,2.0,-99.0
489360,2007,296,15500,23.7,31.4,2.5,1.1,6.4
489360,2007,297,17000,23.5,31.3,2.6,2.2,10.8
489360,2007,298,23900,23.7,32.1,2.5,1.2,-99.0
489360,2007,299,17300,23.7,31.6,2.7,1.4,-99.0
489360,2007,300,16600,23.9,32.0,2.4,1.0,29.5
489360,2007,301,9200,23.5,30.1,2.4,2.3,-99.0
489360,2007,302,7300,23.4,30.9,2.4,3.8,75.4
489360,2007,303,21000,23.4,32.2,2.2,1.8,6.4
489360,2007,304,11600,23.6,30.9,2.4,3.5,24.4
489360,2007,305,14700,23.2,30.6,2.4,4.4,3.5
489360,2007,306,21400,23.1,32.3,2.4,3.1,-99.0
489360,2007,307,19500,23.5,31.2,2.6,1.1,0.5
489360,2007,308,19600,23.4,31.6,2.6,0.9,-99.0
489360,2007,309,21800,23.4,31.1,2.6,1.2,0.7
489360,2007,310,23100,23.4,31.7,2.5,2.6,-99.0
489360,2007,311,19900,23.2,32.0,2.6,1.6,-99.0
489360,2007,312,17900,23.3,31.6,2.6,2.5,13.6
489360,2007,313,10000,23.4,30.3,2.7,2.7,7.5
489360,2007,314,18500,23.2,31.2,2.6,1.4,1.0
489360,2007,315,18600,23.1,30.9,2.6,1.4,6.7
489360,2007,316,14900,23.2,31.4,2.6,2.7,3.0
489360,2007,317,12800,22.9,30.5,2.5,2.7,0.9
489360,2007,318,18900,23.3,31.2,2.5,2.1,-99.0
489360,2007,319,21700,23.6,31.5,2.6,1.8,-99.0
489360,2007,320,22500,23.4,31.6,2.6,2.2,3.2
489360,2007,321,9300,23.1,28.9,2.5,2.9,20.1
489360,2007,322,11900,23.3,30.0,2.4,3.9,2.8
489360,2007,323,16700,23.4,30.6,2.5,4.4,0.0
489360,2007,324,18800,23.8,31.0,2.5,7.1,0.9
489360,2007,325,14700,23.8,31.5,2.4,7.4,1.2
489360,2007,326,18900,23.6,31.5,2.4,3.6,-99.0
489360,2007,327,9300,23.6,31.4,2.5,2.0,34.6
489360,2007,328,17100,23.9,32.3,2.7,1.2,-99.0
489360,2007,329,20200,24.3,32.5,2.8,1.3,-99.0
489360,2007,330,18800,24.0,32.1,2.7,2.3,12.5
489360,2007,331,20500,23.9,31.1,2.4,6.7,7.5
489360,2007,332,14300,23.3,31.1,2.3,6.0,0.9
489360,2007,333,15400,23.3,30.5,2.3,4.7,-99.0
489360,2007,334,15400,23.0,30.7,2.1,6.5,-99.0
489360,2007,335,22000,22.8,31.1,2.1,5.4,1.3
489360,2007,336,22200,23.2,30.9,2.5,4.9,-99.0
489360,2007,337,20700,23.5,31.9,2.5,4.3,-99.0
489360,2007,338,20200,23.7,31.5,2.7,3.2,-99.0
489360,2007,339,17200,23.8,31.1,2.7,2.4,-99.0
489360,2007,340,18100,23.6,31.4,2.6,1.7,-99.0
489360,2007,341,20600,23.7,31.8,2.7,2.1,-99.0
489360,2007,342,16700,23.9,31.1,2.7,2.7,7.2
489360,2007,343,17500,23.8,31.0,2.7,2.6,9.2
489360,2007,344,19800,23.8,32.0,2.7,1.7,-99.0
489360,2007,345,8000,23.4,29.0,2.6,2.8,27.6
489360,2007,346,16400,23.4,31.5,2.7,1.7,9.8
489360,2007,347,13100,23.4,31.4,2.6,2.3,-99.0
489360,2007,348,18600,23.7,31.2,2.7,2.7,-99.0
489360,2007,349,21300,23.6,32.0,2.5,2.5,-99.0
489360,2007,350,21600,24.0,32.0,2.7,3.4,-99.0
489360,2007,351,20400,23.7,31.8,2.6,2.7,7.9
489360,2007,352,16100,23.8,30.7,2.7,2.4,-99.0
489360,2007,353,12400,23.3,30.1,2.5,1.9,10.4
489360,2007,354,16100,23.2,30.4,2.7,1.8,1.5
489360,2007,355,11900,23.7,30.0,2.8,1.9,10.3
489360,2007,356,6700,23.5,29.9,2.7,1.3,30.6
489360,2007,357,12800,23.4,30.5,2.5,2.0,1.1
489360,2007,358,19300,23.5,30.3,2.6,3.5,-99.0
489360,2007,359,19800,23.8,31.3,2.5,3.3,-99.0
489360,2007,360,22100,23.9,31.9,2.7,2.3,-99.0
489360,2007,361,17900,23.9,31.2,2.7,2.2,-99.0
489360,2007,362,7700,23.8,31.0,2.8,1.5,26.7
489360,2007,363,18800,23.8,29.6,2.7,1.8,-99.0
489360,2007,364,18600,23.5,31.7,2.5,2.3,8.8
489360,2007,365,18600,23.5,31.1,2.5,3.0,73.8
