119.875, 5.125, 29.96, 0, 0
489360,2004,1,19800,24.3,30.6,2.6,4.7,13.4
489360,2004,2,11600,24.0,30.7,2.6,5.6,-99.0
489360,2004,3,18400,23.7,30.6,2.4,4.8,-99.0
489360,2004,4,21300,24.0,30.4,2.3,5.0,-99.0
489360,2004,5,20800,23.7,31.0,2.5,3.5,-99.0
489360,2004,6,17800,23.6,30.6,2.6,2.4,-99.0
489360,2004,7,23000,23.6,30.7,2.4,2.2,-99.0
489360,2004,8,21200,23.0,30.8,2.4,2.2,1.9
489360,2004,9,22300,22.9,31.2,2.3,4.6,-99.0
489360,2004,10,23200,23.4,31.1,2.1,6.2,-99.0
489360,2004,11,15900,23.7,31.0,2.3,4.0,-99.0
489360,2004,12,19500,23.6,31.1,2.4,4.6,-99.0
489360,2004,13,21000,24.0,31.0,2.5,3.1,-99.0
489360,2004,14,21500,24.1,30.8,2.6,3.4,1.7
489360,2004,15,16500,23.9,31.1,2.5,2.8,-99.0
489360,2004,16,19400,23.8,31.2,2.3,3.1,8.6
489360,2004,17,22100,23.8,31.0,2.3,3.0,2.4
489360,2004,18,22100,23.9,31.5,2.4,2.8,-99.0
489360,2004,19,20000,23.9,31.0,2.6,2.4,-99.0
489360,2004,20,21600,23.7,30.9,2.6,1.6,-99.0
489360,2004,21,22600,23.9,31.3,2.5,3.5,-99.0
489360,2004,22,18100,24.0,30.8,2.5,3.6,-99.0
489360,2004,23,18900,24.2,30.8,2.7,2.4,1.2
489360,2004,24,20500,24.6,30.8,2.6,3.2,-99.0
489360,2004,25,21900,24.3,30.4,2.7,3.0,-99.0
489360,2004,26,19700,24.4,30.2,2.6,3.8,-99.0
489360,2004,27,14400,24.2,30.7,2.8,2.7,-99.0
489360,2004,28,18800,24.0,30.4,2.7,2.2,-99.0
489360,2004,29,16100,23.7,30.7,2.6,2.1,-99.0
489360,2004,30,23100,23.9,30.9,2.6,3.3,-99.0
489360,2004,31,21500,23.8,31.0,2.6,3.2,-99.0
489360,2004,32,16900,23.9,30.7,2.5,3.0,-99.0
489360,2004,33,21400,24.1,31.6,2.6,2.7,-99.0
489360,2004,34,20200,23.7,31.6,2.4,4.4,-99.0
489360,2004,35,20500,23.8,31.6,2.5,4.5,4.4
489360,2004,36,21200,23.6,30.7,2.3,4.6,-99.0
489360,2004,37,11700,23.6,30.0,2.4,4.6,39.3
489360,2004,38,13600,23.0,30.0,2.1,4.9,10.0
489360,2004,39,15600,23.3,30.1,2.2,3.1,1.6
489360,2004,40,9400,23.2,29.3,2.5,2.9,14.6
489360,2004,41,12100,23.5,30.1,2.4,3.5,0.4
489360,2004,42,16500,23.6,29.8,2.4,4.7,-99.0
489360,2004,43,13400,23.7,30.1,2.4,7.2,-99.0
489360,2004,44,20000,23.6,30.4,2.3,6.2,-99.0
489360,2004,45,21700,23.6,30.6,2.2,5.7,-99.0
489360,2004,46,14900,23.7,30.2,2.2,4.8,-99.0
489360,2004,47,18700,23.5,30.4,2.2,5.1,-99.0
489360,2004,48,20600,22.9,30.1,2.0,2.8,-99.0
489360,2004,49,18700,22.7,30.1,2.0,4.2,-99.0
489360,2004,50,25300,22.9,31.2,1.9,2.6,1.2
489360,2004,51,23900,23.5,31.1,2.1,3.3,8.8
489360,2004,52,25400,23.5,31.2,2.2,3.8,-99.0
489360,2004,53,20800,24.0,30.6,2.1,4.6,-99.0
489360,2004,54,26300,23.8,31.3,1.9,4.3,-99.0
489360,2004,55,25300,23.8,31.5,1.9,3.5,-99.0
489360,2004,56,24800,23.6,31.1,1.9,3.0,-99.0
489360,2004,57,24000,23.5,31.5,2.1,4.7,-99.0
489360,2004,58,27000,23.5,31.4,2.1,4.7,-99.0
489360,2004,59,19900,23.9,32.1,2.4,1.9,-99.0
489360,2004,60,21200,24.0,31.5,2.5,2.6,-99.0
489360,2004,61,21800,23.9,32.5,2.5,2.0,-99.0
489360,2004,62,24200,24.0,32.1,2.5,1.9,2.6
489360,2004,63,24300,24.2,32.6,2.2,2.6,-99.0
489360,2004,64,22800,24.3,32.0,2.4,3.3,-99.0
489360,2004,65,15600,24.3,31.0,2.5,3.6,-99.0
489360,2004,66,10600,24.1,30.2,2.6,2.9,12.3
489360,2004,67,18700,24.0,31.1,2.4,2.4,5.1
489360,2004,68,22300,24.4,31.2,2.5,5.1,-99.0
489360,2004,69,11000,24.4,30.7,2.5,5.0,1.2
489360,2004,70,16200,24.3,30.5,2.6,3.8,-99.0
489360,2004,71,20500,23.9,30.6,2.5,2.2,-99.0
489360,2004,72,24300,23.8,31.1,2.6,3.2,-99.0
489360,2004,73,21000,23.8,31.5,2.5,3.7,-99.0
489360,2004,74,20900,23.4,31.6,2.5,3.6,-99.0
489360,2004,75,23300,23.5,31.4,2.4,2.7,-99.0
489360,2004,76,22900,23.4,31.1,2.2,4.3,-99.0
489360,2004,77,21900,23.4,31.4,2.1,5.3,-99.0
489360,2004,78,25000,23.6,31.5,2.0,6.7,-99.0
489360,2004,79,25900,23.5,32.1,2.0,5.7,-99.0
489360,2004,80,25700,23.7,32.0,1.9,5.0,-99.0
489360,2004,81,26600,23.3,31.9,2.0,5.1,-99.0
489360,2004,82,26000,23.7,31.6,2.0,5.4,-99.0
489360,2004,83,26800,24.3,31.9,2.1,3.9,-99.0
489360,2004,84,24100,23.8,32.1,2.1,2.8,-99.0
489360,2004,85,21900,24.3,32.4,2.2,3.1,-99.0
489360,2004,86,24000,24.3,32.7,2.1,3.7,0.1
489360,2004,87,27200,24.4,32.5,2.2,3.5,-99.0
489360,2004,88,26700,24.2,32.6,2.3,2.6,-99.0
489360,2004,89,25800,24.3,32.4,2.5,1.7,-99.0
489360,2004,90,24600,24.2,32.8,2.3,3.2,20.1
489360,2004,91,25600,24.1,32.3,2.3,2.6,-99.0
489360,2004,92,26800,24.0,33.0,2.3,2.5,-99.0
489360,2004,93,25500,23.9,32.9,2.1,3.0,-99.0
489360,2004,94,23600,23.8,33.0,2.2,2.6,-99.0
489360,2004,95,21100,24.1,32.2,2.3,2.2,-99.0
489360,2004,96,24700,23.9,31.9,2.3,1.7,2.2
489360,2004,97,26300,23.7,32.4,2.2,2.8,-99.0
489360,2004,98,26800,24.0,32.6,2.1,2.0,-99.0
489360,2004,99,26700,24.2,32.6,2.1,3.6,-99.0
489360,2004,100,24900,23.9,32.6,2.0,2.9,-99.0
489360,2004,101,23600,24.0,33.1,2.2,2.6,-99.0
489360,2004,102,25300,24.2,32.6,2.4,1.0,-99.0
489360,2004,103,25500,24.2,32.7,2.3,1.9,1.2
489360,2004,104,26200,24.1,33.1,2.6,1.4,-99.0
489360,2004,105,26200,24.5,33.3,2.7,1.0,-99.0
489360,2004,106,21300,24.6,33.2,2.6,1.0,0.8
489360,2004,107,20400,24.5,32.5,2.8,1.0,1.9
489360,2004,108,22900,24.3,33.0,2.5,1.6,-99.0
489360,2004,109,25700,24.3,32.8,2.2,1.7,-99.0
489360,2004,110,26800,24.4,32.5,2.1,2.8,-99.0
489360,2004,111,24000,24.4,32.9,2.4,2.3,-99.0
489360,2004,112,22400,24.6,33.2,2.5,2.3,-99.0
489360,2004,113,22200,24.1,32.9,2.4,3.4,23.6
489360,2004,114,18800,23.9,32.4,2.3,2.9,5.4
489360,2004,115,23700,24.3,32.9,2.4,2.2,1.7
489360,2004,116,22600,24.2,32.1,2.5,2.2,-99.0
489360,2004,117,17100,24.4,32.8,2.5,1.6,17.1
489360,2004,118,22300,24.4,32.3,2.4,1.7,-99.0
489360,2004,119,17800,24.1,32.7,2.6,2.6,7.9
489360,2004,120,24600,24.5,32.7,2.6,2.3,-99.0
489360,2004,121,22100,24.6,32.4,2.7,1.0,19.9
489360,2004,122,9300,24.1,31.7,2.6,3.1,14.6
489360,2004,123,23300,24.2,31.9,2.5,2.8,-99.0
489360,2004,124,23300,24.7,32.5,2.6,1.3,28.2
489360,2004,125,20500,24.9,32.2,2.8,2.0,-99.0
489360,2004,126,18100,24.9,32.7,2.5,2.9,-99.0
489360,2004,127,17500,24.6,32.3,2.7,2.8,-99.0
489360,2004,128,17000,24.4,31.6,2.7,2.9,-99.0
489360,2004,129,13700,24.0,30.5,2.7,1.3,44.9
489360,2004,130,9500,24.3,31.3,2.6,2.3,3.4
489360,2004,131,15400,24.3,31.7,2.4,3.7,0.5
489360,2004,132,16700,24.0,30.9,2.5,2.0,4.0
489360,2004,133,8600,24.0,30.7,2.5,3.8,6.9
489360,2004,134,14000,24.0,30.9,2.6,2.8,1.4
489360,2004,135,15800,23.9,31.7,2.6,2.4,7.7
489360,2004,136,18700,24.1,32.1,2.4,1.4,-99.0
489360,2004,137,19400,23.9,32.0,2.5,1.9,-99.0
489360,2004,138,20700,23.9,33.0,2.4,3.6,11.0
489360,2004,139,9400,24.2,32.4,2.4,3.4,33.3
489360,2004,140,24200,23.9,32.7,2.5,4.6,4.7
489360,2004,141,24000,24.3,32.5,2.3,4.0,-99.0
489360,2004,142,23400,24.3,32.8,2.3,3.3,-99.0
489360,2004,143,25700,24.3,33.2,2.4,3.7,-99.0
489360,2004,144,25900,24.3,33.2,2.3,3.5,-99.0
489360,2004,145,25800,24.1,33.3,2.3,4.3,-99.0
489360,2004,146,23900,23.9,32.7,2.4,2.6,-99.0
489360,2004,147,19300,24.0,32.4,2.4,2.7,8.0
489360,2004,148,20600,23.8,32.1,2.4,1.3,-99.0
489360,2004,149,4500,23.6,31.6,2.6,1.0,57.9
489360,2004,150,20600,23.5,32.0,2.2,2.7,-99.0
489360,2004,151,21500,23.9,31.5,2.5,2.0,3.5
489360,2004,152,17500,23.5,29.4,2.5,1.7,10.0
489360,2004,153,12200,23.5,31.1,2.4,2.5,11.2
489360,2004,154,17700,23.5,31.7,2.4,2.2,-99.0
489360,2004,155,5900,23.6,31.4,2.3,5.4,53.7
489360,2004,156,25000,24.2,32.3,2.5,4.3,-99.0
489360,2004,157,23200,24.0,31.9,2.4,4.8,-99.0
489360,2004,158,24200,24.3,32.7,2.5,3.9,-99.0
489360,2004,159,22800,24.0,32.8,2.4,3.7,-99.0
489360,2004,160,21700,24.1,31.4,2.2,1.2,-99.0
489360,2004,161,20700,23.9,31.7,2.5,2.1,11.0
489360,2004,162,8100,23.2,31.6,2.2,4.9,9.4
489360,2004,163,15300,23.9,31.2,2.4,3.4,-99.0
489360,2004,164,20900,23.7,31.9,2.3,3.2,-99.0
489360,2004,165,23200,23.7,32.3,2.2,2.7,-99.0
489360,2004,166,24500,23.6,31.9,2.0,2.9,-99.0
489360,2004,167,25700,23.8,32.1,2.1,3.1,-99.0
489360,2004,168,17500,23.3,30.9,2.3,3.0,0.1
489360,2004,169,22400,24.3,31.9,2.3,4.1,-99.0
489360,2004,170,20900,24.1,31.6,2.3,5.0,9.4
489360,2004,171,12600,23.9,31.0,2.4,5.2,-99.0
489360,2004,172,20700,23.5,32.3,2.4,3.9,0.1
489360,2004,173,15400,23.9,31.8,2.4,4.7,-99.0
489360,2004,174,18200,23.7,32.0,2.4,4.6,0.7
489360,2004,175,6700,22.7,31.0,2.2,4.7,3.2
489360,2004,176,21800,23.4,32.0,2.3,4.1,-99.0
489360,2004,177,24400,23.6,32.6,2.3,5.7,-99.0
489360,2004,178,23200,24.6,32.8,2.4,5.9,-99.0
489360,2004,179,17400,24.0,32.2,2.5,6.0,-99.0
489360,2004,180,16600,23.8,32.0,2.4,7.1,-99.0
489360,2004,181,17600,24.2,31.8,2.3,7.6,-99.0
489360,2004,182,22800,25.0,32.6,2.5,8.2,-99.0
489360,2004,183,22500,24.5,32.8,2.5,6.0,-99.0
489360,2004,184,21300,24.3,30.8,2.6,4.9,-99.0
489360,2004,185,22600,24.1,33.0,2.4,4.1,-99.0
489360,2004,186,23600,24.2,32.4,2.3,3.6,-99.0
489360,2004,187,24100,23.8,32.1,2.4,3.8,-99.0
489360,2004,188,23700,23.9,32.0,2.4,3.2,-99.0
489360,2004,189,24700,23.8,31.6,2.4,2.8,-99.0
489360,2004,190,19000,23.8,31.9,2.4,1.8,-99.0
489360,2004,191,17100,23.3,31.2,2.4,1.8,2.6
489360,2004,192,21700,22.9,30.7,2.4,1.2,4.6
489360,2004,193,16100,22.8,31.2,2.4,1.2,-99.0
489360,2004,194,18500,23.2,31.5,2.2,1.7,5.6
489360,2004,195,20800,23.2,30.9,2.3,1.6,8.3
489360,2004,196,17600,23.2,30.9,2.2,1.8,2.9
489360,2004,197,13200,22.8,30.3,2.3,2.4,2.7
489360,2004,198,25300,23.3,31.5,2.1,2.3,-99.0
489360,2004,199,23900,23.5,31.0,2.3,2.2,-99.0
489360,2004,200,20500,23.1,30.3,2.5,1.5,11.9
489360,2004,201,4600,23.1,30.5,2.2,2.6,18.0
489360,2004,202,13100,23.0,30.8,2.3,3.5,-99.0
489360,2004,203,21700,23.1,31.5,2.5,2.2,0.2
489360,2004,204,24500,23.2,32.0,2.6,1.1,-99.0
489360,2004,205,21600,23.6,31.9,2.4,2.3,-99.0
489360,2004,206,21200,23.5,31.7,2.2,3.2,-99.0
489360,2004,207,20600,23.4,31.5,2.3,3.2,4.0
489360,2004,208,9100,23.2,31.3,2.4,3.4,-99.0
489360,2004,209,24100,22.9,30.8,2.5,2.0,-99.0
489360,2004,210,10400,23.7,29.0,2.4,2.6,33.8
489360,2004,211,1400,23.3,29.2,2.3,2.6,67.9
489360,2004,212,22400,23.1,30.0,2.2,2.9,-99.0
489360,2004,213,10400,23.3,29.2,2.3,2.8,-99.0
489360,2004,214,20000,23.4,30.9,2.4,4.5,-99.0
489360,2004,215,12200,23.1,30.1,2.4,3.7,40.9
489360,2004,216,16700,23.1,30.6,2.3,3.8,-99.0
489360,2004,217,20100,23.7,31.1,2.5,5.0,1.1
489360,2004,218,20400,23.9,31.6,2.5,6.3,-99.0
489360,2004,219,17300,24.1,31.5,2.5,6.1,-99.0
489360,2004,220,21000,24.4,31.9,2.5,5.2,0.3
489360,2004,221,18100,24.5,30.9,2.4,7.2,4.6
489360,2004,222,22100,24.1,31.9,2.4,7.1,0.9
489360,2004,223,24900,23.8,32.9,2.3,7.2,1.0
489360,2004,224,23200,24.4,32.7,2.5,6.4,-99.0
489360,2004,225,23000,24.6,32.6,2.5,6.9,-99.0
489360,2004,226,17900,24.0,32.1,2.3,6.5,-99.0
489360,2004,227,18000,24.2,31.0,2.5,6.0,-99.0
489360,2004,228,18600,24.0,31.3,2.3,8.0,-99.0
489360,2004,229,22600,24.7,32.2,2.4,7.2,-99.0
489360,2004,230,21000,24.1,32.0,2.3,7.0,-99.0
489360,2004,231,25700,23.7,32.1,2.3,5.2,-99.0
489360,2004,232,18200,23.8,32.0,2.6,3.7,-99.0
489360,2004,233,23200,23.5,31.3,2.3,5.0,1.0
489360,2004,234,24000,23.9,32.1,2.3,3.3,-99.0
489360,2004,235,22500,24.2,32.0,2.5,2.7,-99.0
489360,2004,236,23600,23.8,32.7,2.3,4.0,-99.0
489360,2004,237,20400,24.2,32.0,2.6,3.8,-99.0
489360,2004,238,22500,24.1,32.4,2.5,4.7,-99.0
489360,2004,239,23700,24.2,32.6,2.4,5.4,-99.0
489360,2004,240,22000,24.8,32.3,2.5,6.4,-99.0
489360,2004,241,21500,24.0,32.7,2.3,4.6,-99.0
489360,2004,242,26200,23.7,32.8,2.1,3.9,-99.0
489360,2004,243,26200,23.7,32.4,2.2,2.7,-99.0
489360,2004,244,25400,23.7,32.7,2.1,2.2,-99.0
489360,2004,245,26100,23.7,32.9,2.2,4.5,-99.0
489360,2004,246,25500,23.8,32.9,2.2,2.2,5.2
489360,2004,247,23800,23.9,32.6,2.3,2.8,-99.0
489360,2004,248,24000,23.6,32.4,2.3,2.5,-99.0
489360,2004,249,24300,23.3,32.5,2.2,2.9,-99.0
489360,2004,250,16800,23.5,31.4,2.5,1.7,1.4
489360,2004,251,20400,23.2,31.6,2.4,1.5,7.9
489360,2004,252,20800,23.3,31.0,2.6,1.2,-99.0
489360,2004,253,24900,23.2,31.9,2.2,2.7,13.7
489360,2004,254,25000,23.0,31.2,2.3,2.6,2.3
489360,2004,255,23300,22.7,31.2,2.1,2.4,-99.0
489360,2004,256,25500,23.0,32.2,2.1,3.8,-99.0
489360,2004,257,18400,22.7,31.4,2.2,3.3,10.0
489360,2004,258,25800,23.0,31.8,2.1,1.4,-99.0
489360,2004,259,22900,23.1,30.9,2.0,1.8,-99.0
489360,2004,260,21400,23.3,31.3,2.1,2.2,-99.0
489360,2004,261,25400,23.3,31.4,2.4,1.4,-99.0
489360,2004,262,26100,23.1,31.6,2.3,2.6,-99.0
489360,2004,263,24900,23.5,32.2,2.4,2.8,-99.0
489360,2004,264,26000,23.4,31.8,2.4,2.6,2.3
489360,2004,265,26500,23.3,31.1,2.3,2.3,3.3
489360,2004,266,25800,23.5,32.1,2.2,2.4,-99.0
489360,2004,267,21500,23.6,32.1,2.2,2.4,-99.0
489360,2004,268,19700,23.7,31.3,2.4,1.4,-99.0
489360,2004,269,11300,23.7,31.2,2.3,2.2,18.3
489360,2004,270,16200,23.6,31.7,2.3,1.4,-99.0
489360,2004,271,26600,23.5,32.6,2.0,2.7,-99.0
489360,2004,272,25200,23.7,32.2,2.1,3.2,-99.0
489360,2004,273,23400,23.6,32.2,2.1,3.4,1.3
489360,2004,274,25700,23.4,32.2,2.1,2.2,-99.0
489360,2004,275,25200,23.7,31.3,2.1,2.3,0.8
489360,2004,276,13500,23.6,31.0,2.3,2.3,5.4
489360,2004,277,7400,23.5,31.0,2.4,2.6,2.5
489360,2004,278,7000,23.6,30.6,2.2,3.5,1.3
489360,2004,279,6800,23.1,30.4,2.2,3.8,16.6
489360,2004,280,16400,23.3,31.0,2.0,5.1,14.3
489360,2004,281,15200,23.3,31.2,1.9,6.4,-99.0
489360,2004,282,20600,23.4,32.1,2.0,3.7,-99.0
489360,2004,283,12200,23.6,31.7,2.4,2.0,-99.0
489360,2004,284,20500,23.7,31.5,2.3,1.5,-99.0
489360,2004,285,23100,23.5,31.9,2.3,1.6,-99.0
489360,2004,286,23800,23.7,32.0,2.4,1.4,-99.0
489360,2004,287,19600,23.5,31.8,2.3,1.0,-99.0
489360,2004,288,10100,23.4,30.6,2.4,1.2,59.2
489360,2004,289,11500,23.6,31.4,2.2,2.9,10.9
489360,2004,290,18900,23.6,31.3,2.1,3.2,-99.0
489360,2004,291,20600,23.7,31.4,2.0,4.7,1.2
489360,2004,292,13000,23.4,31.5,2.1,4.2,-99.0
489360,2004,293,14200,23.5,31.7,2.5,1.3,-99.0
489360,2004,294,22700,23.6,31.6,2.4,1.3,-99.0
489360,2004,295,24700,24.1,32.3,2.2,2.1,-99.0
489360,2004,296,24400,24.0,32.0,2.3,1.6,-99.0
489360,2004,297,22900,24.0,32.0,2.2,2.0,-99.0
489360,2004,298,23900,23.7,32.0,2.2,2.4,-99.0
489360,2004,299,23600,23.9,32.8,2.5,1.8,-99.0
489360,2004,300,24900,24.3,32.9,2.5,1.8,-99.0
489360,2004,301,24600,24.3,32.5,2.5,1.7,1.4
489360,2004,302,25400,24.4,32.7,2.4,2.5,-99.0
489360,2004,303,25300,24.0,32.7,2.4,2.8,-99.0
489360,2004,304,23500,23.9,32.8,2.4,2.8,-99.0
489360,2004,305,23100,23.9,31.5,2.5,1.9,-99.0
489360,2004,306,21200,23.8,31.3,2.4,1.6,-99.0
489360,2004,307,24300,23.9,32.2,2.4,2.4,-99.0
489360,2004,308,22300,23.5,32.3,2.4,2.0,-99.0
489360,2004,309,22400,24.0,32.6,2.5,2.3,-99.0
489360,2004,310,24100,23.7,31.8,2.4,2.2,-99.0
489360,2004,311,25000,23.6,32.1,2.1,2.0,0.4
489360,2004,312,21600,23.6,32.2,2.4,1.7,-99.0
489360,2004,313,23200,24.3,32.1,2.4,2.1,-99.0
489360,2004,314,21700,23.4,32.1,2.4,1.5,2.8
489360,2004,315,18700,23.6,31.8,2.6,1.2,-99.0
489360,2004,316,23100,23.5,32.2,2.3,1.5,-99.0
489360,2004,317,23600,24.6,32.5,2.5,2.0,4.0
489360,2004,318,23900,24.0,32.4,2.6,1.8,-99.0
489360,2004,319,22600,23.4,31.8,2.6,1.1,-99.0
489360,2004,320,20100,23.2,32.0,2.4,2.1,1.4
489360,2004,321,18600,23.3,31.6,2.1,2.6,4.2
489360,2004,322,23600,23.3,31.7,2.1,2.3,-99.0
489360,2004,323,22800,23.9,31.5,2.3,2.2,-99.0
489360,2004,324,21400,23.7,32.4,2.1,4.5,-99.0
489360,2004,325,15400,23.3,31.4,2.0,4.0,-99.0
489360,2004,326,20800,23.6,32.1,2.1,2.6,2.9
489360,2004,327,17500,23.5,31.8,2.4,1.6,-99.0
489360,2004,328,22500,23.5,31.5,2.3,1.6,-99.0
489360,2004,329,21700,23.9,32.1,2.3,1.6,-99.0
489360,2004,330,18800,23.7,31.9,2.5,2.6,60.8
489360,2004,331,22000,23.8,31.8,2.6,2.3,-99.0
489360,2004,332,20300,23.4,32.1,2.6,1.3,-99.0
489360,2004,333,14800,23.4,31.6,2.4,2.7,21.9
489360,2004,334,23300,24.0,32.1,2.4,2.7,-99.0
489360,2004,335,20300,23.9,31.7,2.4,2.1,-99.0
489360,2004,336,22300,23.7,31.7,2.5,1.4,-99.0
489360,2004,337,19100,24.2,31.9,2.3,3.5,2.7
489360,2004,338,17400,23.8,32.1,2.4,3.3,-99.0
489360,2004,339,11000,23.0,31.1,2.5,1.9,-99.0
489360,2004,340,19200,23.6,31.8,2.5,2.2,-99.0
489360,2004,341,22300,24.0,32.2,2.5,1.6,-99.0
489360,2004,342,18800,23.5,31.8,2.5,1.7,2.2
489360,2004,343,13900,23.4,30.3,2.5,3.8,32.6
489360,2004,344,8700,23.2,30.1,2.4,4.7,-99.0
489360,2004,345,17400,23.2,31.3,2.4,4.5,-99.0
489360,2004,346,10900,24.0,31.5,2.6,2.7,-99.0
489360,2004,347,20400,23.8,31.6,2.6,2.9,2.8
489360,2004,348,19600,23.5,31.5,2.6,2.1,-99.0
489360,2004,349,20500,23.8,32.1,2.4,1.7,-99.0
489360,2004,350,20700,23.7,31.2,2.6,1.2,-99.0
489360,2004,351,19500,23.6,30.7,2.6,2.7,-99.0
489360,2004,352,22400,23.9,31.7,2.5,3.9,-99.0
489360,2004,353,23300,23.5,32.7,2.4,2.3,-99.0
489360,2004,354,22800,24.1,32.0,2.5,1.2,0.1
489360,2004,355,19700,23.9,30.5,2.5,3.9,-99.0
489360,2004,356,17500,24.0,31.0,2.4,4.1,5.3
489360,2004,357,20100,24.0,31.1,2.6,1.8,-99.0
489360,2004,358,14400,24.1,30.8,2.6,2.3,6.8
489360,2004,359,19400,24.0,31.3,2.7,2.8,5.1
489360,2004,360,10500,23.9,30.6,2.6,4.2,23.8
489360,2004,361,15600,23.3,30.8,2.6,2.8,-99.0
489360,2004,362,20400,23.7,31.1,2.7,1.4,1.0
489360,2004,363,11500,23.7,30.4,2.7,2.3,-99.0
489360,2004,364,19500,23.9,31.2,2.8,2.4,-99.0
489360,2004,365,17300,23.8,30.5,2.8,1.5,10.3
489360,2004,366,5300,23.7,30.3,2.5,4.0,39.5
