119.875, 5.125, 29.96, 0, 0
489360,2002,1,15200,23.9,30.2,2.6,3.3,-99.0
489360,2002,2,19300,23.8,30.3,2.5,6.3,30.0
489360,2002,3,9700,23.5,29.4,2.4,5.0,29.4
489360,2002,4,15200,23.4,29.0,2.5,3.4,-99.0
489360,2002,5,17500,23.5,29.6,2.5,5.1,0.1
489360,2002,6,15600,23.6,29.9,2.4,6.3,-99.0
489360,2002,7,15800,23.6,30.3,2.5,6.1,0.1
489360,2002,8,11800,23.7,29.4,2.5,5.8,4.4
489360,2002,9,5900,23.4,29.5,2.5,6.0,1.2
489360,2002,10,12800,23.5,30.3,2.2,6.6,3.6
489360,2002,11,21500,23.3,30.6,2.2,5.8,1.1
489360,2002,12,21800,23.1,30.4,2.2,5.9,2.0
489360,2002,13,21100,23.2,31.0,2.3,4.3,-99.0
489360,2002,14,21500,23.3,31.2,2.5,2.6,-99.0
489360,2002,15,11400,23.6,31.7,2.7,2.8,2.5
489360,2002,16,18000,23.6,31.0,2.7,2.1,-99.0
489360,2002,17,19000,23.5,30.7,2.7,2.2,-99.0
489360,2002,18,21200,23.6,31.2,2.7,2.2,-99.0
489360,2002,19,19900,24.0,30.9,2.6,3.0,-99.0
489360,2002,20,19400,23.9,30.7,2.7,3.3,-99.0
489360,2002,21,17300,23.9,30.4,2.7,3.7,-99.0
489360,2002,22,17900,24.0,31.0,2.7,1.9,-99.0
489360,2002,23,12200,23.6,30.5,2.7,2.3,-99.0
489360,2002,24,22000,23.3,30.5,2.5,2.7,-99.0
489360,2002,25,22600,23.3,31.2,2.5,1.6,-99.0
489360,2002,26,23400,22.8,31.4,2.3,2.9,-99.0
489360,2002,27,21600,23.3,31.2,2.3,3.6,-99.0
489360,2002,28,17100,23.6,31.4,2.5,5.3,-99.0
489360,2002,29,22700,24.0,31.4,2.4,6.0,0.7
489360,2002,30,20100,23.8,31.2,2.4,4.3,-99.0
489360,2002,31,21500,23.5,30.7,2.4,4.9,-99.0
489360,2002,32,20900,23.9,30.9,2.3,4.0,-99.0
489360,2002,33,22100,23.5,30.7,2.3,5.1,3.2
489360,2002,34,23000,23.2,30.4,2.3,4.1,-99.0
489360,2002,35,21200,23.1,30.5,2.2,4.5,-99.0
489360,2002,36,22900,23.3,31.0,2.2,4.1,-99.0
489360,2002,37,22600,22.8,31.2,2.1,4.8,-99.0
489360,2002,38,24600,22.5,31.1,2.1,4.1,-99.0
489360,2002,39,24000,22.3,31.3,2.1,4.2,-99.0
489360,2002,40,20900,22.7,30.1,2.2,4.5,-99.0
489360,2002,41,10400,23.0,30.0,2.4,3.6,34.5
489360,2002,42,14000,23.1,31.5,2.5,3.0,-99.0
489360,2002,43,19200,23.3,30.6,2.6,1.9,-99.0
489360,2002,44,21800,23.4,31.2,2.5,2.4,1.1
489360,2002,45,19700,23.7,30.8,2.5,4.1,-99.0
489360,2002,46,23900,23.5,30.8,2.2,5.8,2.1
489360,2002,47,22400,22.8,30.1,2.2,6.0,-99.0
489360,2002,48,18600,24.0,30.3,2.5,7.0,-99.0
489360,2002,49,19600,23.8,31.4,2.5,5.4,-99.0
489360,2002,50,19300,23.9,30.7,2.5,5.4,-99.0
489360,2002,51,20800,23.8,30.3,2.6,3.9,-99.0
489360,2002,52,14300,23.3,30.0,2.4,4.7,-99.0
489360,2002,53,21800,23.4,30.6,2.4,3.1,-99.0
489360,2002,54,24800,23.1,30.8,2.4,2.7,1.1
489360,2002,55,24400,23.9,31.6,2.5,4.2,-99.0
489360,2002,56,15500,23.6,31.4,2.6,3.6,25.5
489360,2002,57,23500,23.7,31.4,2.6,3.0,-99.0
489360,2002,58,24000,23.5,31.5,2.5,3.1,5.3
489360,2002,59,24100,23.4,31.3,2.5,3.8,5.9
489360,2002,60,22100,23.0,31.2,2.3,2.2,10.2
489360,2002,61,18800,23.0,30.8,2.2,2.7,4.8
489360,2002,62,21100,23.2,30.7,2.1,4.9,1.5
489360,2002,63,22900,23.3,31.1,2.2,4.8,-99.0
489360,2002,64,23500,23.3,31.6,2.3,4.7,-99.0
489360,2002,65,21100,22.9,31.1,2.1,6.2,7.9
489360,2002,66,24400,23.3,31.6,2.1,6.6,-99.0
489360,2002,67,22800,23.7,31.2,2.3,6.7,-99.0
489360,2002,68,19600,23.6,31.0,2.4,5.3,-99.0
489360,2002,69,22600,23.8,31.7,2.4,5.5,5.2
489360,2002,70,23500,24.0,31.1,2.3,5.4,1.0
489360,2002,71,25500,23.7,31.3,2.5,2.2,-99.0
489360,2002,72,25500,23.5,31.7,2.4,1.8,2.6
489360,2002,73,25700,23.8,31.2,2.7,1.7,-99.0
489360,2002,74,21200,24.0,31.8,2.6,3.4,2.4
489360,2002,75,25200,23.4,31.9,2.5,1.5,-99.0
489360,2002,76,25900,24.0,31.4,2.7,1.8,-99.0
489360,2002,77,22200,23.9,32.3,2.7,2.1,1.0
489360,2002,78,17800,24.1,31.6,2.7,2.4,1.5
489360,2002,79,24900,24.3,32.0,2.6,3.1,-99.0
489360,2002,80,24900,23.8,30.8,2.5,4.3,2.4
489360,2002,81,21500,24.0,31.7,2.5,2.3,-99.0
489360,2002,82,15400,23.9,31.5,2.6,1.9,18.5
489360,2002,83,25600,23.3,32.0,2.5,3.2,-99.0
489360,2002,84,26000,24.2,32.2,2.3,3.3,3.9
489360,2002,85,26500,24.2,32.5,2.3,2.4,-99.0
489360,2002,86,24800,23.8,32.4,2.4,1.4,-99.0
489360,2002,87,21700,23.8,32.2,2.6,1.1,0.3
489360,2002,88,24700,23.7,31.7,2.4,1.6,1.3
489360,2002,89,27100,23.6,32.3,2.3,3.2,-99.0
489360,2002,90,26100,23.8,32.0,2.2,1.6,6.5
489360,2002,91,24600,23.8,32.3,2.5,1.3,10.2
489360,2002,92,24500,23.7,31.9,2.5,1.5,6.7
489360,2002,93,24700,23.4,32.0,2.5,1.7,-99.0
489360,2002,94,20500,23.6,31.9,2.5,1.9,4.9
489360,2002,95,24800,23.7,31.6,2.4,1.5,2.2
489360,2002,96,26000,23.6,32.4,2.3,3.1,-99.0
489360,2002,97,26300,23.7,31.8,2.2,2.2,-99.0
489360,2002,98,26300,23.6,32.5,2.2,2.3,-99.0
489360,2002,99,26500,24.1,32.7,2.3,1.7,-99.0
489360,2002,100,24900,24.0,33.0,2.5,1.3,4.5
489360,2002,101,24200,24.1,32.8,2.6,1.5,-99.0
489360,2002,102,24700,24.4,32.5,2.6,1.7,4.5
489360,2002,103,26200,24.8,32.9,2.5,2.3,-99.0
489360,2002,104,24400,24.3,32.6,2.6,2.5,-99.0
489360,2002,105,26200,24.1,32.8,2.7,1.2,1.7
489360,2002,106,19500,24.2,32.4,2.7,2.4,1.4
489360,2002,107,23200,24.0,32.6,2.5,2.4,11.9
489360,2002,108,21900,24.1,32.0,2.5,2.7,0.1
489360,2002,109,24000,24.2,32.5,2.4,2.7,-99.0
489360,2002,110,26100,24.1,32.4,2.5,1.3,-99.0
489360,2002,111,25700,24.0,32.0,2.4,1.5,-99.0
489360,2002,112,21800,24.0,32.4,2.5,2.5,-99.0
489360,2002,113,24400,24.3,32.3,2.5,2.4,-99.0
489360,2002,114,24000,24.2,32.9,2.6,1.7,-99.0
489360,2002,115,23100,24.5,32.2,2.7,2.3,0.6
489360,2002,116,21500,24.7,32.0,2.9,1.5,-99.0
489360,2002,117,22600,24.6,32.4,2.7,1.7,26.7
489360,2002,118,24900,24.4,32.3,2.2,2.7,-99.0
489360,2002,119,25400,24.3,32.7,2.3,2.7,-99.0
489360,2002,120,25800,24.7,33.0,2.7,2.2,-99.0
489360,2002,121,23900,24.8,32.3,2.7,1.7,-99.0
489360,2002,122,21600,24.7,32.4,2.5,2.0,0.5
489360,2002,123,20000,25.0,32.9,2.8,3.0,4.1
489360,2002,124,18600,24.7,32.3,2.7,2.7,-99.0
489360,2002,125,22500,24.5,32.3,2.8,1.5,0.5
489360,2002,126,23900,24.9,32.1,2.9,1.5,-99.0
489360,2002,127,19000,24.8,32.3,2.9,1.3,-99.0
489360,2002,128,19600,24.9,31.8,2.8,1.6,6.7
489360,2002,129,22800,24.7,31.6,2.6,1.7,-99.0
489360,2002,130,13500,24.7,31.8,2.6,1.6,25.9
489360,2002,131,13200,24.5,32.0,2.6,2.3,41.5
489360,2002,132,20200,24.3,32.7,2.4,1.6,-99.0
489360,2002,133,16200,24.3,32.3,2.5,2.6,13.7
489360,2002,134,24100,24.1,32.4,2.3,2.0,-99.0
489360,2002,135,24900,24.5,32.8,2.5,1.2,-99.0
489360,2002,136,23900,24.4,32.5,2.7,2.0,-99.0
489360,2002,137,24100,24.5,33.0,2.4,2.3,-99.0
489360,2002,138,24400,24.2,32.3,2.4,2.6,-99.0
489360,2002,139,24500,24.9,33.0,2.7,1.7,-99.0
489360,2002,140,24700,24.8,33.3,2.8,2.3,-99.0
489360,2002,141,22500,24.6,31.7,2.7,1.4,-99.0
489360,2002,142,22600,24.3,32.8,2.5,2.6,9.9
489360,2002,143,22700,24.1,32.9,2.4,3.2,-99.0
489360,2002,144,23700,23.9,32.6,2.7,2.6,1.6
489360,2002,145,24900,24.1,33.0,2.5,3.0,-99.0
489360,2002,146,24500,24.3,33.0,2.3,2.7,-99.0
489360,2002,147,23700,24.2,32.6,2.4,2.7,2.9
489360,2002,148,22500,23.9,32.5,2.4,2.5,4.1
489360,2002,149,19100,23.9,31.9,2.3,2.9,-99.0
489360,2002,150,21700,24.1,32.4,2.3,2.6,-99.0
489360,2002,151,24000,24.3,32.6,2.3,3.5,-99.0
489360,2002,152,23600,24.4,32.6,2.4,3.6,-99.0
489360,2002,153,23100,24.3,32.9,2.6,3.0,-99.0
489360,2002,154,22400,24.3,33.0,2.6,3.4,-99.0
489360,2002,155,22500,23.9,32.4,2.5,2.2,-99.0
489360,2002,156,17200,24.1,32.1,2.8,1.0,7.6
489360,2002,157,23800,24.5,32.9,2.8,2.2,-99.0
489360,2002,158,22800,24.3,33.0,2.6,2.9,-99.0
489360,2002,159,23000,24.4,32.3,2.7,3.0,-99.0
489360,2002,160,21600,24.3,31.2,2.7,3.5,-99.0
489360,2002,161,22500,24.3,32.8,2.7,2.9,-99.0
489360,2002,162,19800,24.7,32.6,2.8,2.8,8.3
489360,2002,163,12000,24.3,31.9,2.8,2.0,25.7
489360,2002,164,11900,23.9,31.2,2.7,0.9,15.4
489360,2002,165,9600,23.9,30.4,2.7,1.0,4.0
489360,2002,166,14700,23.3,30.5,2.5,1.3,14.5
489360,2002,167,13900,23.7,30.3,2.3,1.6,-99.0
489360,2002,168,21800,24.0,31.3,2.4,2.1,-99.0
489360,2002,169,17500,24.2,31.2,2.7,1.8,-99.0
489360,2002,170,14200,23.9,30.5,2.5,2.1,-99.0
489360,2002,171,9100,23.6,31.2,2.4,3.4,11.0
489360,2002,172,20200,24.3,30.1,2.5,2.2,1.4
489360,2002,173,23900,23.5,32.0,2.6,1.7,-99.0
489360,2002,174,23400,23.9,31.4,2.4,1.6,-99.0
489360,2002,175,20500,23.9,31.4,2.4,2.5,-99.0
489360,2002,176,11000,24.0,31.6,2.4,2.4,0.8
489360,2002,177,17200,23.8,31.1,2.7,1.2,-99.0
489360,2002,178,19700,24.0,32.0,2.6,1.3,12.7
489360,2002,179,12800,24.0,31.4,2.7,2.8,2.0
489360,2002,180,17200,24.3,31.0,2.7,2.7,8.7
489360,2002,181,20500,24.5,31.0,2.8,2.6,23.6
489360,2002,182,18100,24.4,31.9,2.6,4.6,-99.0
489360,2002,183,13900,24.2,30.3,2.6,5.8,64.0
489360,2002,184,21000,23.9,31.7,2.3,6.9,2.7
489360,2002,185,18300,24.3,32.0,2.4,6.4,-99.0
489360,2002,186,21800,24.1,32.2,2.4,6.1,-99.0
489360,2002,187,22400,24.2,32.4,2.4,6.6,-99.0
489360,2002,188,21300,23.9,32.5,2.3,7.4,-99.0
489360,2002,189,22900,24.0,32.5,2.2,7.5,-99.0
489360,2002,190,23000,24.8,33.0,2.4,6.8,-99.0
489360,2002,191,20600,24.5,33.1,2.4,6.3,-99.0
489360,2002,192,17800,24.3,33.0,2.5,4.4,-99.0
489360,2002,193,21600,24.1,32.5,2.6,4.3,-99.0
489360,2002,194,11500,23.9,31.8,2.6,3.4,-99.0
489360,2002,195,13600,24.1,32.5,2.5,5.7,40.9
489360,2002,196,17400,24.0,32.4,2.3,5.7,-99.0
489360,2002,197,24600,23.7,32.6,2.2,4.2,2.3
489360,2002,198,24900,23.9,32.4,2.3,1.7,-99.0
489360,2002,199,20000,23.7,31.3,2.4,1.6,-99.0
489360,2002,200,21700,23.6,30.9,2.3,3.2,-99.0
489360,2002,201,22500,23.5,32.2,2.2,3.8,-99.0
489360,2002,202,20300,23.5,32.1,2.4,2.8,-99.0
489360,2002,203,24800,24.0,32.3,2.5,3.9,-99.0
489360,2002,204,22800,24.0,32.7,2.4,5.6,-99.0
489360,2002,205,23800,24.1,32.7,2.2,6.0,-99.0
489360,2002,206,22500,23.9,31.7,2.3,5.8,2.2
489360,2002,207,21100,23.7,32.2,2.5,4.4,-99.0
489360,2002,208,17100,24.0,31.7,2.5,5.5,-99.0
489360,2002,209,23000,23.8,32.2,2.5,4.2,-99.0
489360,2002,210,24200,23.9,32.5,2.4,3.3,-99.0
489360,2002,211,25300,24.0,32.2,2.3,2.5,-99.0
489360,2002,212,24200,23.4,31.2,2.2,3.7,-99.0
489360,2002,213,21000,23.7,32.8,2.2,5.0,-99.0
489360,2002,214,24900,22.9,32.1,2.1,4.8,-99.0
489360,2002,215,25200,23.8,32.0,2.2,4.5,-99.0
489360,2002,216,23500,23.0,32.4,2.0,5.4,-99.0
489360,2002,217,21100,23.6,31.8,2.1,3.9,-99.0
489360,2002,218,15400,23.5,31.3,2.0,2.9,7.6
489360,2002,219,24500,23.9,32.1,2.1,3.4,-99.0
489360,2002,220,24000,23.6,32.9,2.1,2.6,-99.0
489360,2002,221,21400,23.7,31.5,2.1,2.7,-99.0
489360,2002,222,20700,23.6,31.8,2.2,3.8,-99.0
489360,2002,223,13100,23.3,30.3,2.2,5.1,3.4
489360,2002,224,5600,23.0,29.7,2.1,5.5,11.6
489360,2002,225,16200,23.1,30.6,2.0,8.1,1.3
489360,2002,226,24200,22.6,31.9,1.9,9.0,-99.0
489360,2002,227,21600,23.5,31.9,2.0,9.3,0.9
489360,2002,228,22700,23.3,32.0,2.0,7.5,-99.0
489360,2002,229,19700,23.2,32.4,2.0,7.3,-99.0
489360,2002,230,24700,23.6,32.7,2.0,6.8,-99.0
489360,2002,231,25000,23.5,33.0,2.3,5.5,-99.0
489360,2002,232,18700,23.5,32.2,2.5,3.1,-99.0
489360,2002,233,20000,23.5,31.2,2.5,1.5,-99.0
489360,2002,234,24000,23.7,32.3,2.4,1.9,-99.0
489360,2002,235,23000,23.5,32.2,2.2,3.3,1.4
489360,2002,236,23400,23.5,31.8,2.5,2.8,-99.0
489360,2002,237,23900,23.6,30.9,2.6,1.6,-99.0
489360,2002,238,19900,23.5,31.2,2.5,2.1,-99.0
489360,2002,239,14500,24.0,31.1,2.6,3.3,-99.0
489360,2002,240,13200,23.9,31.3,2.5,3.8,-99.0
489360,2002,241,14100,24.1,29.9,2.6,3.7,-99.0
489360,2002,242,16000,23.6,31.2,2.5,3.8,-99.0
489360,2002,243,13000,23.3,31.0,2.4,5.1,1.9
489360,2002,244,15800,23.5,31.3,2.2,4.1,-99.0
489360,2002,245,18700,23.8,31.7,2.5,3.0,-99.0
489360,2002,246,23200,23.8,31.9,2.6,1.4,-99.0
489360,2002,247,24100,23.7,31.8,2.5,3.0,1.7
489360,2002,248,23900,23.7,32.1,2.4,3.3,-99.0
489360,2002,249,19900,23.6,31.6,2.4,4.3,-99.0
489360,2002,250,19100,23.9,32.2,2.4,6.9,-99.0
489360,2002,251,17200,23.6,31.8,2.4,3.8,1.4
489360,2002,252,14600,23.6,31.2,2.6,2.7,13.8
489360,2002,253,21300,23.7,31.6,2.6,2.2,-99.0
489360,2002,254,23300,23.2,31.7,2.6,2.1,2.5
489360,2002,255,21000,22.9,31.4,2.5,1.7,-99.0
489360,2002,256,23100,23.3,31.7,2.5,1.4,-99.0
489360,2002,257,11500,23.4,30.0,2.5,2.1,21.9
489360,2002,258,18900,23.1,30.9,2.4,2.1,-99.0
489360,2002,259,19400,23.6,31.9,2.3,4.3,-99.0
489360,2002,260,15100,23.4,31.1,2.2,5.9,2.6
489360,2002,261,23100,23.4,31.2,2.2,4.1,-99.0
489360,2002,262,19400,23.6,30.9,2.3,2.8,2.0
489360,2002,263,21400,23.6,31.8,2.2,2.8,3.7
489360,2002,264,19700,23.5,31.1,2.3,4.1,-99.0
489360,2002,265,21900,23.6,31.9,2.4,3.3,1.2
489360,2002,266,22500,23.6,31.9,2.4,3.4,-99.0
489360,2002,267,22500,23.6,31.7,2.4,2.5,1.8
489360,2002,268,19200,23.5,31.6,2.5,2.3,15.0
489360,2002,269,26000,23.6,32.0,2.2,2.3,1.7
489360,2002,270,25300,23.6,32.4,2.1,2.0,-99.0
489360,2002,271,25500,23.3,31.4,2.1,1.7,5.2
489360,2002,272,23700,23.4,31.7,2.0,2.3,-99.0
489360,2002,273,22200,23.3,31.4,2.1,2.0,-99.0
489360,2002,274,16500,23.2,31.6,2.2,2.1,-99.0
489360,2002,275,21100,23.6,31.9,2.3,2.0,-99.0
489360,2002,276,22600,23.6,32.2,2.1,3.5,-99.0
489360,2002,277,24500,23.6,31.8,2.4,1.9,-99.0
489360,2002,278,24200,24.2,32.0,2.6,1.8,-99.0
489360,2002,279,24400,23.8,31.7,2.4,1.9,-99.0
489360,2002,280,24400,23.9,32.1,2.4,2.0,4.6
489360,2002,281,14300,23.9,31.9,2.6,1.6,-99.0
489360,2002,282,17500,23.9,32.3,2.3,3.3,-99.0
489360,2002,283,17600,23.2,31.6,2.2,2.8,-99.0
489360,2002,284,22400,23.2,32.2,2.1,3.3,-99.0
489360,2002,285,22300,23.4,31.7,2.2,4.2,-99.0
489360,2002,286,22900,23.5,31.9,2.2,1.4,-99.0
489360,2002,287,22900,23.8,32.0,2.1,1.6,-99.0
489360,2002,288,23600,23.6,32.7,2.2,3.2,-99.0
489360,2002,289,14700,23.6,31.0,2.5,1.7,3.0
489360,2002,290,23200,23.5,32.1,2.5,1.6,-99.0
489360,2002,291,24400,23.6,32.0,2.2,1.6,-99.0
489360,2002,292,22700,23.7,32.1,2.4,1.1,-99.0
489360,2002,293,20900,23.8,31.3,2.5,0.7,27.9
489360,2002,294,14200,23.5,31.6,2.3,2.1,33.0
489360,2002,295,13500,23.3,29.7,2.3,2.6,17.7
489360,2002,296,17900,23.2,31.4,2.1,2.0,2.1
489360,2002,297,21800,23.3,31.7,2.3,1.6,-99.0
489360,2002,298,24900,23.4,32.8,2.2,2.7,-99.0
489360,2002,299,19700,24.4,27.5,2.5,2.2,2.5
489360,2002,300,20900,23.7,32.3,2.5,0.8,-99.0
489360,2002,301,20500,23.7,32.0,2.3,1.2,2.8
489360,2002,302,22400,23.3,32.1,2.2,2.7,-99.0
489360,2002,303,23800,23.4,32.8,2.2,2.0,-99.0
489360,2002,304,23500,23.6,32.6,2.4,2.0,-99.0
489360,2002,305,22700,23.4,32.1,2.5,0.9,1.5
489360,2002,306,21800,24.0,32.5,2.7,1.3,-99.0
489360,2002,307,23200,23.7,32.6,2.4,1.7,1.3
489360,2002,308,21200,23.8,31.7,2.2,1.3,-99.0
489360,2002,309,20400,23.6,31.9,2.5,1.3,-99.0
489360,2002,310,21700,23.5,32.0,2.4,1.6,-99.0
489360,2002,311,22000,23.7,31.6,2.1,1.5,-99.0
489360,2002,312,19600,23.8,31.8,2.4,1.6,38.8
489360,2002,313,22000,24.1,32.0,2.4,1.8,0.3
489360,2002,314,21600,24.2,32.1,2.3,2.3,-99.0
489360,2002,315,23200,24.0,32.4,2.6,1.5,-99.0
489360,2002,316,16900,23.9,31.5,2.6,2.1,-99.0
489360,2002,317,19300,24.1,32.0,2.6,1.5,-99.0
489360,2002,318,22300,24.0,32.3,2.5,2.6,-99.0
489360,2002,319,22500,23.8,31.6,2.4,1.6,-99.0
489360,2002,320,19600,23.9,32.0,2.7,1.4,-99.0
489360,2002,321,14300,24.4,31.8,2.7,1.4,21.1
489360,2002,322,22400,24.1,32.0,2.5,1.6,-99.0
489360,2002,323,21200,23.9,31.9,2.5,0.7,6.1
489360,2002,324,17200,23.6,31.5,2.5,1.3,4.2
489360,2002,325,20500,23.7,31.5,2.4,0.9,-99.0
489360,2002,326,15300,23.7,30.9,2.6,1.1,-99.0
489360,2002,327,20700,23.5,31.1,2.6,1.4,-99.0
489360,2002,328,12500,23.5,30.9,2.6,1.0,3.9
489360,2002,329,5800,23.6,31.4,2.6,1.3,43.0
489360,2002,330,16600,23.5,30.7,2.7,1.6,-99.0
489360,2002,331,15800,23.7,31.7,2.7,1.5,-99.0
489360,2002,332,7400,23.6,31.2,2.7,1.9,11.0
489360,2002,333,16000,23.4,30.4,2.5,3.0,1.4
489360,2002,334,18800,23.4,31.3,2.3,3.0,1.3
489360,2002,335,22200,23.6,31.2,2.3,3.7,-99.0
489360,2002,336,22300,23.4,31.5,2.1,2.6,-99.0
489360,2002,337,22800,23.3,32.1,2.2,2.3,0.1
489360,2002,338,22200,23.7,31.8,2.3,2.4,-99.0
489360,2002,339,22100,23.9,32.0,2.5,1.8,-99.0
489360,2002,340,21900,24.1,32.0,2.3,3.0,-99.0
489360,2002,341,21500,24.2,32.2,2.4,4.1,-99.0
489360,2002,342,20900,23.8,31.9,2.3,5.1,-99.0
489360,2002,343,21200,23.8,32.0,2.3,4.1,-99.0
489360,2002,344,22500,23.9,31.9,2.2,2.9,0.4
489360,2002,345,19500,23.8,31.6,2.2,4.3,0.4
489360,2002,346,21800,24.2,31.9,2.3,4.0,3.4
489360,2002,347,20400,23.9,31.7,2.3,6.0,-99.0
489360,2002,348,20000,24.2,31.6,2.3,6.3,0.3
489360,2002,349,18700,24.0,31.7,2.4,4.5,-99.0
489360,2002,350,21100,24.0,31.7,2.5,3.1,-99.0
489360,2002,351,19300,24.0,31.4,2.6,2.2,-99.0
489360,2002,352,20700,24.1,31.9,2.4,3.2,-99.0
489360,2002,353,22000,24.1,32.4,2.5,3.2,-99.0
489360,2002,354,22400,24.3,32.3,2.3,3.3,-99.0
489360,2002,355,21100,24.3,32.4,2.4,3.3,-99.0
489360,2002,356,19400,24.5,32.3,2.6,3.2,-99.0
489360,2002,357,20800,24.3,31.7,2.7,2.3,-99.0
489360,2002,358,19500,24.4,31.3,2.8,1.4,2.2
489360,2002,359,20000,24.3,32.0,2.6,1.7,0.0
489360,2002,360,18900,24.1,31.8,2.7,1.9,0.1
489360,2002,361,11600,23.8,31.9,2.6,1.5,1.0
489360,2002,362,16500,24.0,31.4,2.7,1.0,-99.0
489360,2002,363,20100,23.8,31.6,2.7,2.8,-99.0
489360,2002,364,11700,23.5,31.2,2.6,1.9,6.3
489360,2002,365,20100,23.4,31.9,2.6,2.8,-99.0
