119.875, 5.125, 29.96, 0, 0
489360,2012,1,18000,24.5,30.7,2.7,2.9,1.0
489360,2012,2,8100,23.6,30.3,2.5,3.4,29.2
489360,2012,3,15500,23.8,31.0,2.5,2.1,-99.0
489360,2012,4,17000,23.6,30.9,2.5,1.6,14.3
489360,2012,5,20100,23.7,31.1,2.6,1.9,-99.0
489360,2012,6,12900,23.7,30.8,2.5,1.3,10.7
489360,2012,7,19300,23.6,30.2,2.5,1.5,1.3
489360,2012,8,20700,23.7,31.0,2.4,2.0,-99.0
489360,2012,9,16900,23.9,31.8,2.4,2.3,-99.0
489360,2012,10,7900,23.7,30.5,2.5,1.1,31.7
489360,2012,11,15300,23.5,31.5,2.4,2.4,-99.0
489360,2012,12,22600,23.4,32.0,2.2,2.4,-99.0
489360,2012,13,20100,23.4,31.5,2.2,1.6,106.9
489360,2012,14,11500,23.1,30.1,2.4,1.8,4.5
489360,2012,15,18800,23.1,30.6,2.4,1.4,-99.0
489360,2012,16,20300,23.4,31.5,2.4,2.5,-99.0
489360,2012,17,22400,23.6,31.9,2.4,2.2,0.5
489360,2012,18,19700,23.6,30.9,2.4,1.5,1.1
489360,2012,19,7100,23.4,31.7,2.4,1.6,45.6
489360,2012,20,21700,23.4,31.9,2.5,2.3,0.3
489360,2012,21,19700,23.2,31.0,2.4,2.4,1.4
489360,2012,22,14200,23.6,30.9,2.4,2.1,6.7
489360,2012,23,13200,23.3,29.4,2.4,2.5,8.6
489360,2012,24,16700,23.2,30.3,2.4,1.7,-99.0
489360,2012,25,12700,23.2,28.9,2.4,2.5,10.3
489360,2012,26,16900,23.4,29.9,2.4,2.8,-99.0
489360,2012,27,6900,22.8,29.0,2.4,2.3,34.2
489360,2012,28,15500,22.6,31.2,2.3,2.4,27.6
489360,2012,29,18600,23.1,30.7,2.3,1.2,-99.0
489360,2012,30,22900,22.9,31.9,2.3,2.9,-99.0
489360,2012,31,19000,23.9,31.9,2.4,1.8,-99.0
489360,2012,32,21300,23.4,31.9,2.3,2.2,-99.0
489360,2012,33,19100,23.2,31.6,2.3,2.3,-99.0
489360,2012,34,21200,23.2,31.5,2.4,2.8,-99.0
489360,2012,35,13500,23.1,31.3,2.3,3.6,-99.0
489360,2012,36,20300,23.4,31.2,2.1,3.1,-99.0
489360,2012,37,21000,23.2,31.7,2.4,3.0,-99.0
489360,2012,38,22600,23.1,31.8,2.4,1.7,-99.0
489360,2012,39,19300,23.1,30.9,2.4,2.1,-99.0
489360,2012,40,21000,23.2,30.9,2.4,2.1,-99.0
489360,2012,41,20600,23.5,31.0,2.5,1.7,0.0
489360,2012,42,11800,23.5,30.8,2.5,3.1,-99.0
489360,2012,43,16400,23.6,30.8,2.5,2.6,0.0
489360,2012,44,9400,23.5,30.2,2.5,1.2,48.3
489360,2012,45,16600,22.8,30.3,2.4,1.4,45.2
489360,2012,46,9400,22.8,30.0,2.4,2.4,28.5
489360,2012,47,16900,23.4,30.7,2.5,2.2,2.2
489360,2012,48,18600,23.2,29.9,2.4,1.5,8.6
489360,2012,49,16800,23.0,30.4,2.3,1.3,-99.0
489360,2012,50,22800,23.1,31.1,2.3,1.2,-99.0
489360,2012,51,22600,23.1,31.3,2.3,1.8,53.6
489360,2012,52,22400,23.2,31.3,2.4,1.4,-99.0
489360,2012,53,19200,23.3,30.9,2.4,2.0,-99.0
489360,2012,54,24600,23.2,31.6,2.3,2.3,0.4
489360,2012,55,21000,23.6,32.1,2.4,2.8,-99.0
489360,2012,56,24900,24.0,32.2,2.4,2.8,-99.0
489360,2012,57,20000,23.7,32.5,2.5,2.2,3.2
489360,2012,58,12800,23.0,31.9,2.4,1.9,23.4
489360,2012,59,26200,23.1,31.4,2.3,1.3,-99.0
489360,2012,60,17300,23.5,31.6,2.4,2.4,5.6
489360,2012,61,25300,23.6,31.9,2.5,2.3,1.0
489360,2012,62,23700,23.9,32.2,2.4,2.2,-99.0
489360,2012,63,13700,23.7,30.3,2.5,2.0,3.2
489360,2012,64,13300,24.0,30.4,2.6,1.7,19.3
489360,2012,65,7100,23.7,28.5,2.5,1.8,79.5
489360,2012,66,14800,23.5,30.7,2.5,2.1,1.5
489360,2012,67,15500,23.7,30.7,2.5,1.6,14.2
489360,2012,68,22300,23.4,31.7,2.4,1.6,-99.0
489360,2012,69,24200,23.7,31.4,2.3,1.3,1.6
489360,2012,70,15900,23.5,30.5,2.4,2.0,3.3
489360,2012,71,19900,23.8,31.6,2.5,1.7,4.5
489360,2012,72,14500,23.2,30.7,2.3,1.1,2.8
489360,2012,73,19300,23.8,31.2,2.4,1.6,1.7
489360,2012,74,23900,24.0,32.2,2.4,2.7,-99.0
489360,2012,75,21600,23.6,32.7,2.3,1.3,-99.0
489360,2012,76,22400,23.5,32.7,2.4,2.3,-99.0
489360,2012,77,18800,23.7,31.6,2.3,1.9,-99.0
489360,2012,78,21600,24.0,32.2,2.5,2.2,-99.0
489360,2012,79,22300,23.7,31.6,2.4,2.0,-99.0
489360,2012,80,20500,23.7,31.7,2.4,2.0,-99.0
489360,2012,81,15500,23.9,31.1,2.4,2.6,-99.0
489360,2012,82,24300,23.6,32.0,2.4,1.4,-99.0
489360,2012,83,24400,23.5,31.8,2.3,1.1,1.5
489360,2012,84,18800,23.3,31.2,2.4,1.2,4.7
489360,2012,85,25000,23.4,33.0,2.2,0.9,-99.0
489360,2012,86,22200,23.1,31.2,2.3,1.5,-99.0
489360,2012,87,22300,23.6,32.1,2.4,1.5,-99.0
489360,2012,88,7500,23.4,29.9,2.4,1.6,93.3
489360,2012,89,23200,23.5,31.7,2.5,1.6,6.5
489360,2012,90,21900,23.3,31.7,2.4,1.3,-99.0
489360,2012,91,22300,23.4,32.4,2.5,1.4,-99.0
489360,2012,92,23300,23.4,31.6,2.3,1.3,-99.0
489360,2012,93,23900,23.7,32.3,2.4,1.2,1.5
489360,2012,94,25600,23.9,32.8,2.5,1.4,-99.0
489360,2012,95,18100,23.7,32.4,2.4,1.4,1.2
489360,2012,96,21000,23.4,32.2,2.4,1.0,6.8
489360,2012,97,20000,23.2,31.6,2.3,1.3,1.7
489360,2012,98,24400,23.3,31.7,2.3,1.1,-99.0
489360,2012,99,23600,23.6,31.6,2.4,1.7,8.2
489360,2012,100,16000,23.6,30.9,2.4,1.9,6.2
489360,2012,101,19600,23.5,31.8,2.4,1.6,4.2
489360,2012,102,18700,23.4,32.0,2.4,1.2,14.0
489360,2012,103,13000,23.3,30.8,2.4,1.7,9.3
489360,2012,104,24100,23.3,32.1,2.4,2.1,-99.0
489360,2012,105,22200,23.9,32.3,2.5,2.4,-99.0
489360,2012,106,17500,23.9,32.5,2.4,1.7,-99.0
489360,2012,107,21200,23.5,32.3,2.4,1.3,24.4
489360,2012,108,24500,23.6,32.6,2.4,1.8,-99.0
489360,2012,109,23800,24.1,32.5,2.5,1.4,2.2
489360,2012,110,22900,24.3,32.1,2.5,1.3,1.6
489360,2012,111,19700,24.1,31.8,2.5,0.9,-99.0
489360,2012,112,18300,23.7,32.3,2.4,1.2,-99.0
489360,2012,113,17100,23.8,30.1,2.5,1.3,33.4
489360,2012,114,19200,23.2,31.9,2.4,1.2,-99.0
489360,2012,115,20300,23.4,31.1,2.4,1.5,-99.0
489360,2012,116,17200,23.1,30.8,2.4,1.3,7.0
489360,2012,117,21700,23.5,32.2,2.3,0.8,-99.0
489360,2012,118,22900,23.5,31.6,2.3,1.2,-99.0
489360,2012,119,23600,23.4,31.6,2.3,1.3,-99.0
489360,2012,120,24000,23.5,31.7,2.3,1.6,-99.0
489360,2012,121,23400,24.0,31.7,2.5,1.6,-99.0
489360,2012,122,19300,23.7,32.7,2.5,1.3,6.9
489360,2012,123,22900,23.8,32.4,2.4,2.2,-99.0
489360,2012,124,24800,23.6,32.1,2.4,1.3,-99.0
489360,2012,125,23200,23.3,31.8,2.4,1.2,0.7
489360,2012,126,21600,23.2,32.4,2.4,1.6,1.4
489360,2012,127,21500,23.3,32.6,2.4,1.1,12.5
489360,2012,128,9000,23.2,31.1,2.5,1.2,19.2
489360,2012,129,13000,23.5,32.1,2.4,1.2,11.5
489360,2012,130,17700,23.3,31.9,2.4,1.1,37.2
489360,2012,131,13200,23.6,30.8,2.4,1.4,3.5
489360,2012,132,22400,23.6,31.6,2.4,1.1,11.5
489360,2012,133,17200,23.5,31.8,2.4,1.1,15.0
489360,2012,134,24000,23.1,32.2,2.4,1.6,-99.0
489360,2012,135,23100,23.1,32.1,2.3,1.7,-99.0
489360,2012,136,24400,23.5,32.6,2.4,1.6,-99.0
489360,2012,137,23100,23.6,32.3,2.3,1.6,-99.0
489360,2012,138,20100,23.4,32.5,2.3,1.2,-99.0
489360,2012,139,23900,24.0,32.5,2.4,1.6,-99.0
489360,2012,140,22700,24.0,32.8,2.4,1.9,0.5
489360,2012,141,22300,24.2,32.5,2.4,1.3,-99.0
489360,2012,142,22800,24.2,32.7,2.5,1.9,2.4
489360,2012,143,12600,23.6,32.1,2.5,2.8,10.1
489360,2012,144,16100,23.8,31.8,2.6,2.7,-99.0
489360,2012,145,18400,23.7,31.8,2.6,2.8,34.5
489360,2012,146,21500,23.7,32.6,2.4,2.9,-99.0
489360,2012,147,21000,23.6,32.5,2.4,1.7,0.4
489360,2012,148,22100,24.1,32.7,2.4,2.0,-99.0
489360,2012,149,23400,24.3,32.6,2.4,1.3,-99.0
489360,2012,150,22700,24.0,32.7,2.4,1.2,2.1
489360,2012,151,21000,24.2,32.1,2.5,1.8,1.4
489360,2012,152,20500,24.2,32.6,2.6,2.9,1.8
489360,2012,153,17200,24.3,33.3,2.6,3.4,-99.0
489360,2012,154,19100,24.0,32.9,2.5,3.2,-99.0
489360,2012,155,14300,25.0,32.3,2.6,3.2,6.0
489360,2012,156,20000,24.9,32.6,2.7,3.6,-99.0
489360,2012,157,6800,24.2,31.4,2.5,2.9,13.7
489360,2012,158,12200,23.4,32.1,2.5,3.1,2.8
489360,2012,159,20000,23.7,32.7,2.6,2.5,1.4
489360,2012,160,20700,23.8,32.3,2.6,2.1,-99.0
489360,2012,161,22400,23.8,33.1,2.5,1.6,-99.0
489360,2012,162,21100,23.4,31.3,2.4,1.3,1.0
489360,2012,163,15800,23.0,31.2,2.3,1.8,-99.0
489360,2012,164,11200,23.4,29.7,2.4,3.3,5.4
489360,2012,165,13600,22.8,31.3,2.3,2.5,-99.0
489360,2012,166,24000,23.0,32.8,2.3,2.5,-99.0
489360,2012,167,14500,24.2,32.0,2.6,2.8,-99.0
489360,2012,168,19700,23.7,32.7,2.4,3.3,0.4
489360,2012,169,23100,23.2,32.9,2.3,3.6,-99.0
489360,2012,170,23500,23.3,32.7,2.2,2.8,-99.0
489360,2012,171,23600,23.4,33.1,2.2,2.3,-99.0
489360,2012,172,23900,23.1,33.3,2.2,2.7,0.4
489360,2012,173,15800,23.5,31.1,2.4,2.7,9.9
489360,2012,174,15500,23.1,31.9,2.3,1.3,2.4
489360,2012,175,23200,23.1,32.7,2.3,2.2,-99.0
489360,2012,176,21700,23.1,31.3,2.4,2.3,-99.0
489360,2012,177,22700,23.3,31.5,2.4,2.6,-99.0
489360,2012,178,18900,23.5,32.2,2.4,2.7,-99.0
489360,2012,179,14100,23.4,32.5,2.5,2.6,0.5
489360,2012,180,17600,23.3,32.0,2.5,3.1,0.1
489360,2012,181,8800,23.3,31.1,2.5,3.2,7.7
489360,2012,182,18500,23.1,32.2,2.4,2.5,-99.0
489360,2012,183,23500,23.1,32.0,2.3,1.7,-99.0
489360,2012,184,22200,23.6,31.5,2.4,1.9,-99.0
489360,2012,185,21100,23.6,33.1,2.4,3.0,2.1
489360,2012,186,20200,23.5,32.6,2.3,3.1,-99.0
489360,2012,187,22800,23.5,31.6,2.3,2.1,-99.0
489360,2012,188,21200,23.2,31.3,2.4,1.9,1.0
489360,2012,189,12400,23.2,31.1,2.4,1.2,9.2
489360,2012,190,13500,23.2,30.0,2.4,1.2,0.2
489360,2012,191,20600,23.1,30.7,2.3,1.6,-99.0
489360,2012,192,19300,23.2,32.2,2.4,1.3,-99.0
489360,2012,193,22300,23.0,30.6,2.3,1.6,0.3
489360,2012,194,17900,23.5,30.7,2.4,1.4,1.2
489360,2012,195,15500,23.5,31.4,2.5,1.3,-99.0
489360,2012,196,5700,22.9,28.7,2.4,1.1,44.9
489360,2012,197,20800,22.7,31.2,2.3,0.9,-99.0
489360,2012,198,23100,22.8,31.8,2.3,1.7,2.1
489360,2012,199,19100,23.3,31.3,2.4,2.7,15.4
489360,2012,200,13100,23.2,30.4,2.4,2.5,-99.0
489360,2012,201,22900,23.4,30.6,2.4,1.9,18.4
489360,2012,202,13100,23.5,31.9,2.5,2.3,5.1
489360,2012,203,18400,23.2,32.1,2.4,3.4,2.1
489360,2012,204,21700,23.6,33.0,2.5,3.5,-99.0
489360,2012,205,20200,23.9,33.0,2.5,3.3,-99.0
489360,2012,206,16400,23.5,30.9,2.6,3.2,-99.0
489360,2012,207,9600,23.0,31.0,2.4,2.0,10.9
489360,2012,208,14800,22.9,31.0,2.5,2.1,0.3
489360,2012,209,12700,23.1,31.1,2.4,2.8,-99.0
489360,2012,210,18700,23.8,32.2,2.6,3.7,3.9
489360,2012,211,21900,23.5,32.9,2.4,4.2,6.1
489360,2012,212,20100,23.2,31.9,2.3,4.9,-99.0
489360,2012,213,22400,23.6,32.4,2.4,5.0,-99.0
489360,2012,214,24400,24.0,32.9,2.5,5.0,-99.0
489360,2012,215,22900,24.5,33.5,2.5,4.3,-99.0
489360,2012,216,22100,23.7,33.0,2.4,3.6,-99.0
489360,2012,217,23500,24.1,33.4,2.5,3.8,0.8
489360,2012,218,23100,23.7,33.4,2.5,4.0,-99.0
489360,2012,219,19100,23.4,32.5,2.4,3.8,-99.0
489360,2012,220,15800,23.4,32.1,2.4,2.5,6.2
489360,2012,221,24200,23.1,32.2,2.3,2.4,-99.0
489360,2012,222,25000,23.4,33.2,2.3,2.3,-99.0
489360,2012,223,21300,23.5,33.1,2.3,2.2,1.8
489360,2012,224,23500,23.2,33.0,2.3,2.0,1.4
489360,2012,225,23400,23.4,32.4,2.4,2.1,-99.0
489360,2012,226,22600,23.6,32.2,2.5,2.5,-99.0
489360,2012,227,19200,23.6,31.6,2.5,3.1,2.4
489360,2012,228,20900,23.7,32.6,2.6,3.6,-99.0
489360,2012,229,24000,23.6,32.7,2.4,3.5,-99.0
489360,2012,230,24800,23.3,32.6,2.3,2.9,1.5
489360,2012,231,22500,23.1,31.7,2.3,1.8,-99.0
489360,2012,232,20900,23.4,31.8,2.3,1.6,0.3
489360,2012,233,23100,23.3,32.3,2.4,2.4,-99.0
489360,2012,234,20300,23.5,32.5,2.3,2.6,3.8
489360,2012,235,18700,23.5,32.0,2.4,2.5,0.4
489360,2012,236,17800,23.3,32.5,2.3,2.0,1.3
489360,2012,237,20100,23.1,32.5,2.3,2.8,-99.0
489360,2012,238,19900,23.4,31.7,2.4,2.3,2.8
489360,2012,239,22900,23.7,32.0,2.4,1.5,-99.0
489360,2012,240,25000,23.9,32.7,2.3,2.1,-99.0
489360,2012,241,24600,23.7,32.7,2.3,2.1,-99.0
489360,2012,242,14300,23.5,30.8,2.4,1.2,5.8
489360,2012,243,13700,23.3,31.3,2.4,0.9,6.8
489360,2012,244,9700,23.5,30.6,2.4,2.3,10.4
489360,2012,245,10800,23.3,31.4,2.5,2.6,38.9
489360,2012,246,9100,22.8,31.4,2.3,3.0,15.3
489360,2012,247,21400,23.6,32.3,2.3,2.6,3.9
489360,2012,248,18800,24.1,32.6,2.5,2.6,0.2
489360,2012,249,22500,23.6,32.5,2.4,2.1,-99.0
489360,2012,250,23200,23.4,32.0,2.3,1.9,-99.0
489360,2012,251,19400,23.4,31.3,2.4,1.4,-99.0
489360,2012,252,14000,23.1,31.4,2.3,1.4,-99.0
489360,2012,253,18200,23.3,31.5,2.4,2.6,-99.0
489360,2012,254,14500,23.2,31.3,2.4,2.9,6.2
489360,2012,255,14100,23.0,31.5,2.3,2.9,-99.0
489360,2012,256,15700,23.1,31.3,2.3,2.0,1.9
489360,2012,257,24600,23.3,32.4,2.3,1.9,-99.0
489360,2012,258,24600,23.1,32.7,2.4,2.9,3.4
489360,2012,259,18300,22.8,32.2,2.4,3.6,-99.0
489360,2012,260,19400,23.1,31.8,2.4,2.4,-99.0
489360,2012,261,22300,23.4,31.9,2.3,1.2,8.2
489360,2012,262,17600,23.7,32.3,2.5,1.8,49.2
489360,2012,263,8700,23.6,30.4,2.5,2.2,0.2
489360,2012,264,25000,23.2,32.2,2.4,2.5,-99.0
489360,2012,265,21500,23.1,31.9,2.4,2.3,-99.0
489360,2012,266,21400,23.3,32.0,2.4,1.9,3.4
489360,2012,267,12300,23.3,30.5,2.5,2.6,-99.0
489360,2012,268,12900,23.3,30.7,2.5,2.6,28.0
489360,2012,269,23000,23.3,32.1,2.5,2.1,0.4
489360,2012,270,14800,23.5,31.2,2.5,1.9,0.7
489360,2012,271,19600,23.3,30.9,2.5,2.5,11.6
489360,2012,272,24500,23.2,32.7,2.4,2.0,1.6
489360,2012,273,22700,23.2,32.3,2.4,1.9,-99.0
489360,2012,274,23500,23.3,32.4,2.3,2.5,-99.0
489360,2012,275,21400,23.1,32.3,2.4,2.6,18.4
489360,2012,276,17300,23.1,31.9,2.4,2.0,-99.0
489360,2012,277,17600,23.2,32.4,2.4,2.6,3.8
489360,2012,278,16500,23.3,32.1,2.4,2.5,-99.0
489360,2012,279,21000,23.2,31.6,2.3,2.5,-99.0
489360,2012,280,20800,22.8,32.1,2.3,1.8,7.2
489360,2012,281,22600,23.0,31.6,2.4,1.3,-99.0
489360,2012,282,23200,23.1,32.0,2.4,1.3,8.4
489360,2012,283,24200,23.3,31.7,2.4,2.1,-99.0
489360,2012,284,22800,23.4,31.5,2.5,1.9,33.4
489360,2012,285,19600,23.4,31.5,2.5,2.6,-99.0
489360,2012,286,19100,23.5,32.1,2.5,2.2,-99.0
489360,2012,287,22300,23.5,32.2,2.4,2.0,-99.0
489360,2012,288,21900,23.8,31.9,2.5,1.4,4.8
489360,2012,289,24100,23.5,32.2,2.3,1.6,-99.0
489360,2012,290,24200,23.9,32.0,2.4,1.5,-99.0
489360,2012,291,24300,24.1,32.2,2.4,1.7,1.8
489360,2012,292,19100,24.1,32.0,2.4,1.7,4.0
489360,2012,293,17600,23.9,32.0,2.4,2.2,-99.0
489360,2012,294,15400,23.6,30.5,2.6,1.5,5.0
489360,2012,295,15800,23.5,31.7,2.4,1.1,-99.0
489360,2012,296,24100,23.7,32.2,2.5,1.7,7.5
489360,2012,297,12300,23.5,30.3,2.5,2.6,39.0
489360,2012,298,10900,23.4,30.4,2.4,2.5,19.6
489360,2012,299,12500,23.7,30.4,2.5,3.3,2.2
489360,2012,300,13500,23.3,32.0,2.5,3.2,5.2
489360,2012,301,23600,23.4,31.4,2.5,1.9,14.8
489360,2012,302,23400,23.5,31.5,2.4,1.9,-99.0
489360,2012,303,22200,24.0,32.1,2.5,2.2,0.5
489360,2012,304,21600,24.1,31.9,2.5,1.9,-99.0
489360,2012,305,22300,24.0,31.8,2.5,2.2,0.1
489360,2012,306,22500,24.1,31.9,2.6,2.3,-99.0
489360,2012,307,16900,23.6,31.3,2.5,2.2,-99.0
489360,2012,308,16800,23.5,31.1,2.5,1.9,2.6
489360,2012,309,15100,23.8,31.0,2.5,1.4,6.6
489360,2012,310,21200,23.6,31.6,2.4,0.9,-99.0
489360,2012,311,14600,23.7,31.5,2.5,2.1,6.5
489360,2012,312,12400,23.6,29.9,2.5,1.6,6.1
489360,2012,313,20900,23.9,31.4,2.6,1.2,-99.0
489360,2012,314,21900,23.9,32.1,2.5,1.7,-99.0
489360,2012,315,22700,23.9,32.4,2.4,1.4,-99.0
489360,2012,316,9400,23.9,31.4,2.6,1.4,40.6
489360,2012,317,20200,23.8,31.3,2.5,1.1,-99.0
489360,2012,318,22700,24.0,32.7,2.4,2.5,-99.0
489360,2012,319,21700,23.8,31.8,2.5,2.2,-99.0
489360,2012,320,18500,24.1,31.2,2.6,2.4,11.0
489360,2012,321,6000,23.4,29.2,2.5,2.7,97.4
489360,2012,322,17700,23.4,31.5,2.4,1.7,-99.0
489360,2012,323,20800,24.0,31.6,2.5,1.9,-99.0
489360,2012,324,19600,23.9,31.9,2.5,2.0,-99.0
489360,2012,325,9800,23.6,30.3,2.5,1.7,5.1
489360,2012,326,15900,23.5,30.6,2.5,1.8,10.0
489360,2012,327,20800,23.2,30.8,2.4,2.6,-99.0
489360,2012,328,22700,23.7,32.1,2.3,2.1,-99.0
489360,2012,329,22800,24.1,31.5,2.6,2.2,-99.0
489360,2012,330,22300,24.0,31.9,2.5,1.5,-99.0
489360,2012,331,11900,23.9,31.5,2.5,1.8,16.3
489360,2012,332,20700,23.7,31.7,2.5,2.5,-99.0
489360,2012,333,19300,23.8,31.0,2.5,2.4,2.6
489360,2012,334,21300,23.6,31.7,2.5,2.2,-99.0
489360,2012,335,22000,24.2,32.1,2.5,2.2,-99.0
489360,2012,336,14900,24.5,32.1,2.6,2.2,0.0
489360,2012,337,22100,24.2,32.1,2.4,2.2,0.0
489360,2012,338,22200,24.1,31.9,2.4,2.9,0.0
489360,2012,339,17000,23.8,30.2,2.5,2.4,0.0
489360,2012,340,15000,23.8,31.8,2.5,1.0,10.1
489360,2012,341,18400,23.4,31.8,2.5,1.7,0.0
489360,2012,342,16500,23.4,31.1,2.4,2.2,2.5
489360,2012,343,19300,23.5,31.8,2.4,2.0,0.0
489360,2012,344,21700,23.2,31.8,2.4,1.2,0.3
489360,2012,345,21600,23.3,31.7,2.4,1.4,0.0
489360,2012,346,20800,23.6,32.0,2.4,1.9,0.0
489360,2012,347,19700,24.0,31.8,2.5,2.2,0.0
489360,2012,348,19600,23.6,32.2,2.5,2.6,0.0
489360,2012,349,14200,23.8,31.6,2.5,2.4,0.9
489360,2012,350,21400,23.8,30.8,2.5,2.7,0.0
489360,2012,351,22100,23.8,32.2,2.4,2.3,0.0
489360,2012,352,21200,24.2,32.0,2.5,2.5,0.0
489360,2012,353,19900,24.3,31.9,2.5,2.3,0.0
489360,2012,354,20500,23.7,32.3,2.5,2.2,0.0
489360,2012,355,15700,23.6,31.0,2.5,1.8,66.1
489360,2012,356,11100,23.5,29.6,2.5,2.9,0.3
489360,2012,357,10300,23.5,30.0,2.5,2.6,0.0
489360,2012,358,13600,23.6,29.4,2.5,3.5,13.8
489360,2012,359,15500,23.8,30.9,2.4,4.2,0.0
489360,2012,360,16500,23.8,31.2,2.4,3.7,0.3
489360,2012,361,17500,23.8,31.2,2.4,1.9,2.9
489360,2012,362,19700,24.0,31.8,2.5,1.4,0.0
489360,2012,363,19100,23.8,32.0,2.4,2.7,0.0
489360,2012,364,18000,23.9,31.2,2.5,2.9,0.0
489360,2012,365,20100,23.9,31.4,2.5,2.4,2.3
489360,2012,366,21300,24.2,31.8,2.5,2.3,0.0
