119.875, 5.125, 29.96, 0, 0
489360,1998,1,18300,23.6,30.5,2.6,3.0,0.0
489360,1998,2,17300,23.7,30.2,2.6,3.1,0.0
489360,1998,3,13400,24.0,30.0,2.7,2.6,0.9
489360,1998,4,22700,23.6,31.1,2.6,1.8,0.0
489360,1998,5,11900,23.7,30.8,2.5,4.2,0.0
489360,1998,6,12100,23.7,31.1,2.6,3.2,0.0
489360,1998,7,21100,23.5,30.2,2.5,2.6,0.8
489360,1998,8,21800,23.0,30.1,2.4,4.4,0.0
489360,1998,9,20200,23.1,31.4,2.5,3.2,0.0
489360,1998,10,21400,24.0,31.6,2.7,1.7,0.0
489360,1998,11,20300,23.9,31.1,2.7,1.5,0.1
489360,1998,12,21700,24.2,31.3,2.7,2.4,0.0
489360,1998,13,18100,23.9,32.4,2.7,2.0,0.0
489360,1998,14,11500,24.0,31.9,2.8,1.1,1.6
489360,1998,15,20900,24.1,32.3,2.5,2.9,0.0
489360,1998,16,23700,23.8,32.3,2.7,2.0,0.0
489360,1998,17,22900,23.8,31.6,2.7,1.5,0.0
489360,1998,18,22500,23.5,31.7,2.6,1.6,0.0
489360,1998,19,22100,22.9,31.3,2.3,4.1,0.0
489360,1998,20,21600,22.4,31.6,2.3,2.2,0.0
489360,1998,21,22500,22.8,31.8,2.3,2.3,0.0
489360,1998,22,20900,23.4,31.6,2.4,1.9,0.0
489360,1998,23,20300,24.4,31.8,2.8,1.9,0.0
489360,1998,24,20200,24.1,31.9,2.8,3.0,1.0
489360,1998,25,21800,24.1,32.0,2.6,2.3,0.1
489360,1998,26,12100,24.1,31.5,2.6,2.0,0.3
489360,1998,27,18500,24.0,31.6,2.7,2.0,1.7
489360,1998,28,19700,23.9,31.2,2.7,1.6,0.0
489360,1998,29,16900,23.9,31.0,2.7,2.2,0.3
489360,1998,30,17900,23.5,29.6,2.5,3.4,0.0
489360,1998,31,23200,24.8,31.8,2.4,2.8,0.0
489360,1998,32,24000,23.4,31.8,2.2,2.7,0.0
489360,1998,33,23200,23.9,31.4,2.3,1.9,0.0
489360,1998,34,21700,24.0,31.9,2.4,1.7,0.0
489360,1998,35,22800,23.2,31.3,2.4,1.5,10.6
489360,1998,36,23900,22.6,31.3,2.2,2.2,0.0
489360,1998,37,23400,23.0,31.4,2.3,2.3,0.0
489360,1998,38,23700,24.0,31.3,2.4,1.2,0.0
489360,1998,39,23900,23.8,31.4,2.3,1.4,0.0
489360,1998,40,24400,23.7,31.7,2.4,3.0,0.0
489360,1998,41,18700,23.3,32.2,2.5,1.8,1.4
489360,1998,42,23600,23.6,32.0,2.5,1.7,0.0
489360,1998,43,23900,23.5,32.2,2.3,2.0,0.0
489360,1998,44,23700,23.1,32.2,2.3,2.4,0.0
489360,1998,45,24300,23.5,32.0,2.3,2.4,0.0
489360,1998,46,23300,24.1,31.9,2.5,3.1,0.7
489360,1998,47,23700,23.7,32.1,2.5,2.8,0.0
489360,1998,48,20500,23.9,32.5,2.5,1.7,1.2
489360,1998,49,24000,24.4,32.6,2.7,1.7,0.0
489360,1998,50,21900,24.0,32.0,2.7,1.9,0.0
489360,1998,51,24600,23.4,32.1,2.4,2.1,0.0
489360,1998,52,25300,23.7,32.0,2.4,1.6,0.0
489360,1998,53,18200,24.1,32.2,2.5,1.9,15.5
489360,1998,54,22400,24.1,32.0,2.6,2.0,0.6
489360,1998,55,20800,23.7,32.4,2.5,1.4,11.7
489360,1998,56,23000,23.3,33.1,2.5,2.9,0.0
489360,1998,57,23700,23.4,32.4,2.5,2.1,8.9
489360,1998,58,25700,23.5,32.0,2.5,1.5,0.0
489360,1998,59,23400,23.6,32.0,2.4,1.3,2.6
489360,1998,60,22000,23.6,32.8,2.6,1.7,0.0
489360,1998,61,24100,23.9,32.3,2.6,2.1,0.0
489360,1998,62,23300,24.1,32.1,2.6,2.4,1.6
489360,1998,63,25300,23.8,32.2,2.5,1.5,0.0
489360,1998,64,26100,23.6,32.2,2.5,1.4,0.0
489360,1998,65,24600,23.9,32.1,2.5,1.7,0.0
489360,1998,66,24400,23.7,32.8,2.6,1.9,0.2
489360,1998,67,22700,23.5,32.4,2.5,1.9,0.0
489360,1998,68,27000,23.3,32.5,2.3,3.5,0.0
489360,1998,69,25500,22.8,32.2,2.2,4.5,5.2
489360,1998,70,25500,24.1,32.6,2.4,4.7,5.8
489360,1998,71,24900,24.2,32.9,2.5,4.1,0.0
489360,1998,72,24500,23.9,32.7,2.4,3.2,0.0
489360,1998,73,26000,24.3,32.7,2.5,1.7,0.0
489360,1998,74,25800,23.8,33.0,2.5,2.6,0.0
489360,1998,75,24600,23.6,33.0,2.5,3.0,0.0
489360,1998,76,26200,24.3,32.9,2.3,4.1,0.0
489360,1998,77,27000,23.8,33.1,2.3,2.2,0.0
489360,1998,78,25700,23.4,33.3,2.3,2.5,0.0
489360,1998,79,26800,23.4,32.8,2.2,2.8,0.0
489360,1998,80,26200,23.8,33.1,2.1,3.5,0.0
489360,1998,81,26300,24.0,34.0,2.3,2.4,0.0
489360,1998,82,21000,24.3,33.3,2.6,2.8,1.4
489360,1998,83,10800,24.2,32.8,2.6,2.4,17.4
489360,1998,84,25500,24.0,32.6,2.3,3.7,0.0
489360,1998,85,24000,24.2,32.6,2.4,2.3,1.6
489360,1998,86,24300,24.3,32.9,2.5,2.2,2.0
489360,1998,87,23900,24.7,33.0,2.6,2.8,0.0
489360,1998,88,23200,24.9,33.2,2.8,1.4,2.3
489360,1998,89,23500,24.4,31.5,2.5,1.7,0.0
489360,1998,90,24200,24.2,32.9,2.7,1.4,0.7
489360,1998,91,21500,24.5,33.1,2.6,1.8,0.0
489360,1998,92,24100,24.9,32.7,2.7,2.2,0.0
489360,1998,93,25400,25.3,32.6,2.7,2.2,0.0
489360,1998,94,24100,23.7,32.8,2.4,2.9,0.4
489360,1998,95,11900,24.5,32.2,2.7,1.3,2.0
489360,1998,96,24500,24.8,32.2,2.6,1.5,0.0
489360,1998,97,24800,24.5,32.3,2.6,2.0,0.0
489360,1998,98,25200,24.4,32.8,2.4,1.6,0.0
489360,1998,99,24000,24.7,32.9,2.7,1.5,3.7
489360,1998,100,22400,24.6,33.1,2.6,2.2,0.0
489360,1998,101,24700,24.7,33.2,2.7,1.9,0.0
489360,1998,102,25200,24.4,33.0,2.6,3.7,0.0
489360,1998,103,25300,24.4,32.9,2.5,4.5,0.0
489360,1998,104,24200,24.4,33.0,2.5,3.8,2.0
489360,1998,105,25900,24.6,33.2,2.6,2.2,0.0
489360,1998,106,24500,24.8,32.9,2.6,1.6,1.5
489360,1998,107,26200,24.6,32.6,2.7,1.7,0.0
489360,1998,108,25800,24.8,33.0,2.7,2.1,0.0
489360,1998,109,23200,24.7,33.3,2.7,3.3,0.0
489360,1998,110,18500,25.1,33.4,2.8,3.0,0.5
489360,1998,111,24600,25.0,33.3,2.7,1.9,3.8
489360,1998,112,24300,25.0,33.2,2.8,1.1,0.3
489360,1998,113,25700,25.1,33.8,2.8,1.5,4.6
489360,1998,114,24600,25.0,33.4,2.8,3.3,0.0
489360,1998,115,25000,24.9,33.3,2.6,2.6,0.0
489360,1998,116,24000,24.8,33.6,2.8,1.7,0.2
489360,1998,117,24700,25.2,33.2,2.9,2.6,0.9
489360,1998,118,23200,25.2,33.3,2.7,3.4,0.0
489360,1998,119,23700,24.9,32.7,2.8,3.5,0.0
489360,1998,120,17300,25.0,32.3,2.8,2.3,13.6
489360,1998,121,21500,25.4,32.5,2.9,1.6,0.4
489360,1998,122,21800,24.6,32.8,2.8,1.8,0.0
489360,1998,123,21900,24.8,32.1,2.8,2.5,0.0
489360,1998,124,23400,25.0,32.8,2.8,2.8,0.0
489360,1998,125,20600,24.9,32.9,2.7,2.0,0.0
489360,1998,126,24000,24.9,33.0,2.7,1.9,0.0
489360,1998,127,20200,25.7,33.6,3.0,1.8,1.9
489360,1998,128,20700,25.8,33.1,2.9,1.4,21.1
489360,1998,129,24100,25.5,33.6,2.8,3.4,0.0
489360,1998,130,21300,25.6,33.6,2.9,3.6,0.0
489360,1998,131,19100,25.9,33.6,2.9,2.9,9.3
489360,1998,132,20900,25.8,33.6,3.0,2.2,0.0
489360,1998,133,21300,25.9,33.1,3.0,4.0,0.0
489360,1998,134,21200,25.3,33.2,2.8,2.9,0.0
489360,1998,135,22600,25.4,33.1,3.0,1.1,0.0
489360,1998,136,25100,25.5,32.2,2.8,2.3,0.0
489360,1998,137,23400,25.2,32.7,2.8,1.2,-99.0
489360,1998,138,24500,25.8,33.1,3.1,1.1,0.0
489360,1998,139,21500,25.3,32.6,2.8,3.0,0.0
489360,1998,140,24800,25.0,33.1,2.8,4.3,0.0
489360,1998,141,25400,25.0,33.4,2.7,2.0,0.0
489360,1998,142,24600,25.2,33.5,2.8,3.0,-99.0
489360,1998,143,24300,25.6,33.3,2.9,3.9,0.0
489360,1998,144,20300,25.5,33.3,2.9,2.3,0.0
489360,1998,145,20000,25.5,33.5,3.0,1.5,0.0
489360,1998,146,15700,25.3,33.3,3.0,1.8,11.3
489360,1998,147,19000,25.3,33.1,2.9,2.7,-99.0
489360,1998,148,20800,24.9,33.3,2.7,3.5,0.0
489360,1998,149,22200,25.2,33.6,2.8,3.4,0.0
489360,1998,150,22100,24.8,33.5,2.8,3.1,0.4
489360,1998,151,23500,24.9,33.2,2.9,1.8,1.3
489360,1998,152,22600,25.2,32.9,2.9,1.5,0.0
489360,1998,153,23900,25.0,33.3,2.9,2.1,0.0
489360,1998,154,21700,25.0,33.0,3.0,1.3,0.7
489360,1998,155,22800,25.3,32.5,3.0,1.6,0.0
489360,1998,156,20400,24.6,32.3,2.7,3.3,0.7
489360,1998,157,20400,24.5,31.5,2.8,2.8,0.0
489360,1998,158,22900,23.6,32.0,2.6,2.7,0.0
489360,1998,159,22300,24.3,32.1,2.7,2.5,-99.0
489360,1998,160,20500,24.3,33.2,2.7,2.8,1.7
489360,1998,161,14500,24.1,30.6,2.8,2.7,4.9
489360,1998,162,13500,24.0,30.9,2.7,1.8,54.1
489360,1998,163,22300,24.2,32.6,2.6,2.6,0.0
489360,1998,164,23600,24.7,32.6,2.6,3.8,0.0
489360,1998,165,21800,24.8,31.7,2.8,2.8,0.0
489360,1998,166,22600,24.6,32.5,2.8,1.7,-99.0
489360,1998,167,22800,24.8,32.7,2.8,1.9,6.4
489360,1998,168,13500,24.2,31.2,2.7,2.5,3.2
489360,1998,169,18200,24.0,31.7,2.7,1.7,2.0
489360,1998,170,17500,24.2,31.5,2.7,2.4,7.3
489360,1998,171,24300,24.2,32.5,2.8,1.5,0.0
489360,1998,172,22800,24.5,32.2,2.8,1.6,2.5
489360,1998,173,19600,24.2,32.2,2.7,2.0,0.8
489360,1998,174,20700,24.0,31.9,2.7,1.6,0.0
489360,1998,175,15700,24.0,31.1,2.6,2.4,20.5
489360,1998,176,15200,24.1,31.9,2.7,2.8,0.3
489360,1998,177,17200,24.2,31.6,2.7,2.6,5.7
489360,1998,178,18300,24.1,31.5,2.7,1.9,24.0
489360,1998,179,5800,23.8,30.3,2.6,1.6,6.9
489360,1998,180,22800,23.5,31.7,2.5,3.0,-99.0
489360,1998,181,13600,23.9,32.7,2.6,2.5,2.0
489360,1998,182,21700,24.2,32.6,2.7,2.2,-99.0
489360,1998,183,23900,24.4,32.6,2.6,2.6,-99.0
489360,1998,184,16500,24.1,31.4,2.7,2.1,8.9
489360,1998,185,20300,23.7,32.6,2.5,2.3,-99.0
489360,1998,186,21700,23.4,33.1,2.4,2.4,0.9
489360,1998,187,20700,23.8,31.3,2.5,2.3,15.6
489360,1998,188,22900,23.8,32.2,2.5,3.3,-99.0
489360,1998,189,23200,23.9,32.4,2.5,2.9,-99.0
489360,1998,190,23500,24.1,32.1,2.5,2.1,-99.0
489360,1998,191,21300,23.9,31.2,2.5,2.0,-99.0
489360,1998,192,21500,24.1,31.8,2.6,3.4,-99.0
489360,1998,193,21800,23.7,32.4,2.4,2.1,14.4
489360,1998,194,6900,24.0,31.5,2.6,2.1,8.8
489360,1998,195,18500,23.9,31.0,2.6,1.9,-99.0
489360,1998,196,21400,23.6,31.9,2.4,2.9,-99.0
489360,1998,197,24300,24.5,32.8,2.6,1.9,-99.0
489360,1998,198,22000,24.6,32.3,2.6,3.3,-99.0
489360,1998,199,19400,24.3,31.9,2.5,3.9,-99.0
489360,1998,200,16400,24.5,32.0,2.6,4.0,1.3
489360,1998,201,6400,24.0,30.1,2.6,2.5,13.2
489360,1998,202,23800,23.9,31.3,2.5,2.8,-99.0
489360,1998,203,18700,24.0,31.7,2.5,2.5,-99.0
489360,1998,204,23000,24.1,31.8,2.8,1.9,-99.0
489360,1998,205,20300,23.9,31.2,2.5,3.1,2.6
489360,1998,206,14200,24.0,31.6,2.4,2.5,6.8
489360,1998,207,17600,23.7,30.9,2.5,3.4,-99.0
489360,1998,208,20300,24.0,31.7,2.5,2.5,1.2
489360,1998,209,20800,23.9,31.8,2.6,1.9,-99.0
489360,1998,210,13500,24.0,31.7,2.7,1.9,26.0
489360,1998,211,13800,23.5,30.5,2.6,2.4,10.0
489360,1998,212,18900,24.3,31.4,2.6,2.8,2.9
489360,1998,213,13700,24.2,31.0,2.4,2.7,9.4
489360,1998,214,20600,23.9,32.3,2.6,2.8,1.0
489360,1998,215,21400,23.7,32.7,2.5,2.7,-99.0
489360,1998,216,23600,23.7,31.9,2.5,3.2,-99.0
489360,1998,217,22800,23.7,31.9,2.4,2.8,-99.0
489360,1998,218,24500,23.9,32.3,2.5,2.2,-99.0
489360,1998,219,22500,24.1,32.2,2.6,3.2,0.5
489360,1998,220,24500,24.1,32.3,2.7,1.9,-99.0
489360,1998,221,24600,23.8,32.1,2.6,3.2,1.9
489360,1998,222,18400,23.9,31.6,2.6,3.0,0.4
489360,1998,223,19600,23.9,31.5,2.5,3.2,1.3
489360,1998,224,19800,23.5,31.3,2.5,2.1,5.7
489360,1998,225,22200,23.5,31.5,2.7,1.6,-99.0
489360,1998,226,24300,23.5,32.1,2.7,1.6,0.6
489360,1998,227,10600,25.4,31.7,2.8,3.4,10.8
489360,1998,228,20200,24.9,27.2,2.7,3.5,12.7
489360,1998,229,18500,23.2,30.4,2.3,4.7,0.2
489360,1998,230,20500,23.7,31.4,2.5,3.0,9.9
489360,1998,231,18900,24.0,31.7,2.4,3.7,4.0
489360,1998,232,24500,23.9,32.2,2.3,3.9,-99.0
489360,1998,233,24900,24.4,32.2,2.5,3.3,-99.0
489360,1998,234,18800,23.8,31.6,2.5,3.1,0.1
489360,1998,235,20000,24.2,31.9,2.5,3.3,1.1
489360,1998,236,24200,24.0,32.8,2.6,2.8,-99.0
489360,1998,237,22000,23.9,32.8,2.6,1.2,1.9
489360,1998,238,22100,24.1,32.0,2.7,1.9,-99.0
489360,1998,239,18100,24.2,32.0,2.5,3.1,55.6
489360,1998,240,22800,23.9,32.1,2.2,2.8,-99.0
489360,1998,241,22200,24.0,32.1,2.4,2.4,-99.0
489360,1998,242,24400,23.9,32.4,2.4,2.7,0.1
489360,1998,243,21300,23.8,31.3,2.4,2.5,10.7
489360,1998,244,21100,23.7,32.3,2.3,2.1,-99.0
489360,1998,245,21300,23.9,31.8,2.4,2.2,-99.0
489360,1998,246,20300,23.7,32.4,2.4,2.9,-99.0
489360,1998,247,20800,22.9,31.8,2.2,3.9,-99.0
489360,1998,248,15000,23.3,31.2,2.3,3.2,8.9
489360,1998,249,25100,24.1,32.2,2.4,3.7,-99.0
489360,1998,250,24900,24.0,32.6,2.4,4.7,0.6
489360,1998,251,22500,23.8,32.5,2.3,3.0,1.2
489360,1998,252,19300,23.7,31.2,2.6,1.1,4.7
489360,1998,253,17500,23.8,31.4,2.4,1.3,4.0
489360,1998,254,16000,23.8,31.6,2.3,2.9,1.7
489360,1998,255,20900,24.2,32.3,2.4,4.4,0.4
489360,1998,256,18300,23.9,31.4,2.4,3.3,-99.0
489360,1998,257,20800,23.9,32.4,2.4,3.6,5.6
489360,1998,258,17600,24.0,32.0,2.4,4.1,0.5
489360,1998,259,22700,24.4,33.0,2.4,4.0,-99.0
489360,1998,260,19000,24.4,32.6,2.7,2.0,9.6
489360,1998,261,24900,24.0,33.7,2.5,4.2,-99.0
489360,1998,262,22100,24.2,32.7,2.5,4.3,7.1
489360,1998,263,22900,24.6,33.0,2.7,3.0,-99.0
489360,1998,264,18800,24.6,32.7,2.6,2.3,-99.0
489360,1998,265,13800,24.1,32.0,2.5,1.6,8.2
489360,1998,266,20100,24.3,32.6,2.7,1.2,0.8
489360,1998,267,20600,23.9,31.9,2.5,2.4,-99.0
489360,1998,268,18700,23.8,31.9,2.5,3.4,8.8
489360,1998,269,23300,23.8,31.2,2.7,1.8,0.7
489360,1998,270,22700,23.7,31.3,2.5,2.7,11.4
489360,1998,271,8500,23.8,31.2,2.5,3.8,26.4
489360,1998,272,17800,24.3,31.7,2.4,3.6,0.9
489360,1998,273,7100,23.5,30.8,2.3,3.9,15.2
489360,1998,274,14800,23.7,31.5,2.5,3.0,3.8
489360,1998,275,22000,23.3,32.0,2.3,4.9,-99.0
489360,1998,276,15400,24.1,31.9,2.5,4.3,-99.0
489360,1998,277,18700,23.9,31.2,2.4,3.0,0.3
489360,1998,278,8400,24.2,31.6,2.6,1.6,32.1
489360,1998,279,11700,23.9,31.1,2.4,2.7,6.5
489360,1998,280,22000,23.7,31.3,2.4,4.2,-99.0
489360,1998,281,15800,23.3,31.7,2.2,2.5,16.3
489360,1998,282,8100,24.0,30.6,2.5,1.8,14.0
489360,1998,283,13400,23.9,32.2,2.5,1.7,-99.0
489360,1998,284,17700,23.9,32.2,2.5,1.6,14.5
489360,1998,285,18400,23.9,31.7,2.6,1.2,-99.0
489360,1998,286,20400,24.4,32.1,2.4,3.5,0.4
489360,1998,287,21200,24.6,32.6,2.6,4.4,-99.0
489360,1998,288,10400,24.3,31.6,2.5,3.6,21.5
489360,1998,289,21300,23.8,32.1,2.4,3.5,-99.0
489360,1998,290,17400,23.9,30.7,2.3,3.2,0.8
489360,1998,291,16100,23.6,31.3,2.1,4.3,2.3
489360,1998,292,18500,23.6,30.8,2.3,3.5,16.6
489360,1998,293,12700,24.2,31.4,2.5,3.7,-99.0
489360,1998,294,14900,24.1,31.7,2.4,3.7,36.1
489360,1998,295,8900,23.7,31.5,2.5,4.0,8.5
489360,1998,296,7700,23.8,32.3,2.4,3.9,46.7
489360,1998,297,22100,23.8,32.7,2.4,4.3,-99.0
489360,1998,298,13300,24.5,32.3,2.7,2.0,8.8
489360,1998,299,20500,24.4,31.8,2.6,1.6,-99.0
489360,1998,300,8900,24.0,30.8,2.7,1.5,29.7
489360,1998,301,17100,23.7,31.4,2.4,2.1,0.5
489360,1998,302,18100,23.7,31.6,2.6,1.3,2.0
489360,1998,303,19800,23.9,31.7,2.6,2.2,1.1
489360,1998,304,23600,24.1,32.0,2.6,2.2,-99.0
489360,1998,305,7300,24.4,31.0,2.7,1.5,5.3
489360,1998,306,23000,23.4,31.2,2.4,1.3,-99.0
489360,1998,307,18500,23.8,31.8,2.5,2.2,-99.0
489360,1998,308,18600,23.8,31.5,2.5,1.7,0.5
489360,1998,309,23400,24.2,31.8,2.6,2.6,-99.0
489360,1998,310,19800,24.0,31.9,2.4,1.5,0.3
489360,1998,311,17300,24.1,32.0,2.5,1.0,1.4
489360,1998,312,15000,24.1,31.0,2.6,1.9,1.2
489360,1998,313,11900,24.0,30.9,2.7,3.3,8.1
489360,1998,314,17000,24.3,32.3,2.5,4.0,15.0
489360,1998,315,15300,23.9,31.0,2.6,2.4,-99.0
489360,1998,316,18800,24.1,31.8,2.6,1.6,-99.0
489360,1998,317,16300,24.0,30.8,2.6,2.2,2.9
489360,1998,318,7400,23.8,30.6,2.7,1.8,1.4
489360,1998,319,5200,23.6,29.1,2.5,3.1,35.7
489360,1998,320,4900,23.4,30.3,2.3,4.4,21.4
489360,1998,321,17800,23.3,30.1,2.4,4.7,1.4
489360,1998,322,16700,23.9,31.6,2.7,4.0,-99.0
489360,1998,323,17400,23.9,32.1,2.4,2.1,-99.0
489360,1998,324,10100,24.2,31.3,2.7,1.4,0.6
489360,1998,325,11500,23.7,30.3,2.4,1.4,11.5
489360,1998,326,15400,23.5,31.0,2.3,4.3,10.8
489360,1998,327,5200,23.2,30.3,2.3,5.3,14.3
489360,1998,328,22200,23.6,32.1,2.2,4.9,-99.0
489360,1998,329,20700,23.9,32.3,2.5,4.2,5.4
489360,1998,330,4800,23.6,31.3,2.5,2.5,24.7
489360,1998,331,19700,23.7,31.2,2.7,1.3,13.1
489360,1998,332,5700,23.7,30.9,2.6,1.3,11.8
489360,1998,333,16500,23.6,31.3,2.7,1.0,8.2
489360,1998,334,21000,23.6,32.0,2.5,2.0,-99.0
489360,1998,335,20000,23.6,30.7,2.6,1.2,45.5
489360,1998,336,9300,23.9,31.1,2.6,2.6,13.9
489360,1998,337,14800,23.8,31.2,2.7,1.1,1.3
489360,1998,338,17500,23.8,31.4,2.7,1.6,5.2
489360,1998,339,21700,24.0,30.7,2.5,3.1,-99.0
489360,1998,340,9000,23.8,30.2,2.7,1.1,1.9
489360,1998,341,16600,23.4,30.6,2.7,1.3,-99.0
489360,1998,342,19900,23.8,31.2,2.7,2.5,-99.0
489360,1998,343,16300,24.4,31.7,2.7,2.7,-99.0
489360,1998,344,10000,23.6,31.4,2.6,2.2,8.9
489360,1998,345,14300,24.0,30.0,2.4,6.3,1.3
489360,1998,346,21000,23.7,31.5,2.3,4.1,-99.0
489360,1998,347,18000,24.5,31.3,2.5,2.4,0.5
489360,1998,348,17100,24.0,31.6,2.7,1.7,-99.0
489360,1998,349,20600,24.1,31.8,2.6,2.1,-99.0
489360,1998,350,21800,23.5,31.4,2.4,3.7,-99.0
489360,1998,351,18800,23.5,30.3,2.5,2.1,1.1
489360,1998,352,21200,24.0,31.7,2.5,2.6,1.2
489360,1998,353,10900,23.9,31.9,2.5,3.6,9.4
489360,1998,354,21200,23.6,31.5,2.4,3.7,14.9
489360,1998,355,20500,23.6,31.3,2.6,3.2,-99.0
489360,1998,356,19100,23.5,31.5,2.6,2.4,-99.0
489360,1998,357,15400,23.7,31.3,2.6,1.7,4.3
489360,1998,358,20200,23.8,31.4,2.7,0.8,-99.0
489360,1998,359,20600,23.3,31.7,2.7,0.7,-99.0
489360,1998,360,15800,23.6,31.5,2.7,1.0,2.9
489360,1998,361,15800,23.5,30.7,2.6,1.6,3.3
489360,1998,362,6100,23.4,29.6,2.7,1.0,47.7
489360,1998,363,7300,23.4,30.0,2.5,2.1,9.7
489360,1998,364,16800,23.8,30.9,2.6,2.0,12.7
489360,1998,365,9200,23.9,30.6,2.6,2.7,25.1
