119.875, 5.125, 29.96, 0, 0
489360,2008,1,15900,23.2,31.6,2.3,1.6,-99.0
489360,2008,2,19400,23.7,31.1,2.4,1.9,-99.0
489360,2008,3,18400,23.9,31.3,2.5,2.0,-99.0
489360,2008,4,16800,23.8,30.5,2.5,1.9,-99.0
489360,2008,5,20100,23.8,30.7,2.5,2.6,1.8
489360,2008,6,15300,23.7,30.8,2.5,1.3,-99.0
489360,2008,7,12600,23.5,30.1,2.6,2.0,4.1
489360,2008,8,15100,23.1,31.2,2.5,2.2,7.8
489360,2008,9,17400,23.2,30.7,2.5,1.6,7.2
489360,2008,10,9100,23.3,29.9,2.5,2.5,13.3
489360,2008,11,14600,23.0,29.5,2.4,3.9,0.4
489360,2008,12,20800,22.9,30.9,2.3,3.7,-99.0
489360,2008,13,20400,23.0,30.7,2.3,2.6,-99.0
489360,2008,14,19400,22.9,30.3,2.3,2.3,0.8
489360,2008,15,16700,23.0,31.2,2.3,2.8,-99.0
489360,2008,16,18200,23.3,31.2,2.5,3.4,2.5
489360,2008,17,9600,23.0,29.2,2.5,3.9,30.3
489360,2008,18,12700,23.0,30.7,2.4,1.8,44.7
489360,2008,19,20300,23.1,31.2,2.5,2.3,8.7
489360,2008,20,19600,23.2,31.4,2.4,2.2,-99.0
489360,2008,21,19600,23.0,30.9,2.4,1.3,-99.0
489360,2008,22,21200,23.0,31.7,2.4,1.9,-99.0
489360,2008,23,22400,23.1,31.6,2.4,2.4,-99.0
489360,2008,24,21300,23.6,31.3,2.4,3.2,-99.0
489360,2008,25,19600,24.0,30.8,2.5,3.5,-99.0
489360,2008,26,21300,23.8,31.4,2.4,3.5,-99.0
489360,2008,27,23000,23.6,31.5,2.3,2.9,1.6
489360,2008,28,20200,23.4,31.5,2.2,2.2,1.2
489360,2008,29,15700,23.5,30.9,2.4,1.8,0.1
489360,2008,30,16200,23.8,31.5,2.5,3.2,1.9
489360,2008,31,21400,23.7,31.5,2.3,2.7,-99.0
489360,2008,32,16400,23.3,31.2,2.3,2.3,3.7
489360,2008,33,22000,23.5,31.8,2.2,2.7,-99.0
489360,2008,34,21100,23.5,31.3,2.3,2.2,-99.0
489360,2008,35,21200,23.5,31.6,2.3,2.7,0.7
489360,2008,36,22500,23.5,31.5,2.2,1.8,1.2
489360,2008,37,23000,23.9,31.3,2.3,1.8,-99.0
489360,2008,38,22400,23.3,31.9,2.2,2.9,-99.0
489360,2008,39,21600,23.9,32.0,2.2,3.5,2.9
489360,2008,40,15900,23.8,30.5,2.4,4.0,27.4
489360,2008,41,12200,24.5,29.6,2.7,3.9,17.6
489360,2008,42,6600,23.1,27.2,2.5,3.2,74.8
489360,2008,43,11800,23.0,28.8,2.5,4.3,2.3
489360,2008,44,8600,22.9,29.2,2.4,4.6,30.8
489360,2008,45,8200,23.2,29.2,2.5,3.8,27.3
489360,2008,46,18200,23.3,30.2,2.5,2.3,11.7
489360,2008,47,10700,22.7,29.7,2.3,1.4,49.2
489360,2008,48,18100,22.7,29.9,2.4,2.4,-99.0
489360,2008,49,11400,23.1,29.2,2.4,1.7,28.4
489360,2008,50,15100,23.0,29.5,2.4,1.2,21.5
489360,2008,51,21800,23.2,30.5,2.4,0.9,-99.0
489360,2008,52,23100,23.6,31.5,2.4,1.9,-99.0
489360,2008,53,23400,23.8,31.5,2.3,2.2,0.7
489360,2008,54,23300,23.8,31.2,2.4,1.8,11.6
489360,2008,55,13200,23.0,28.8,2.3,1.9,10.3
489360,2008,56,17700,23.0,30.7,2.5,2.2,-99.0
489360,2008,57,17000,23.2,30.6,2.4,1.2,3.0
489360,2008,58,22500,23.4,30.9,2.4,1.6,-99.0
489360,2008,59,20900,23.5,30.7,2.4,1.5,-99.0
489360,2008,60,23400,23.4,31.6,2.4,1.5,-99.0
489360,2008,61,24500,23.3,31.1,2.4,0.9,-99.0
489360,2008,62,19300,23.6,30.4,2.3,1.4,12.0
489360,2008,63,20800,23.5,31.3,2.3,1.8,-99.0
489360,2008,64,22300,23.2,30.5,2.2,1.1,-99.0
489360,2008,65,19000,23.3,30.4,2.4,1.5,-99.0
489360,2008,66,15600,23.1,30.5,2.5,2.1,39.2
489360,2008,67,11500,23.2,29.3,2.4,2.6,36.8
489360,2008,68,19300,23.1,30.5,2.3,2.7,-99.0
489360,2008,69,15900,23.4,30.9,2.3,2.8,1.2
489360,2008,70,16900,23.6,31.0,2.2,1.8,-99.0
489360,2008,71,24900,23.4,31.5,2.3,2.0,3.8
489360,2008,72,24300,23.8,31.5,2.3,1.7,-99.0
489360,2008,73,22300,23.7,31.8,2.5,2.2,-99.0
489360,2008,74,21200,23.4,31.4,2.4,1.9,2.1
489360,2008,75,22500,23.3,31.9,2.3,1.6,-99.0
489360,2008,76,25000,23.5,32.2,2.4,1.7,-99.0
489360,2008,77,23700,23.6,31.2,2.4,1.8,-99.0
489360,2008,78,24100,23.6,32.0,2.5,3.0,-99.0
489360,2008,79,11200,23.5,30.8,2.5,2.4,60.0
489360,2008,80,12200,23.1,29.6,2.5,1.8,28.5
489360,2008,81,22600,23.0,31.4,2.4,1.7,-99.0
489360,2008,82,20600,23.3,31.3,2.4,1.7,-99.0
489360,2008,83,24100,23.4,31.5,2.3,1.8,-99.0
489360,2008,84,16000,23.1,31.2,2.2,1.8,-99.0
489360,2008,85,15700,23.1,30.8,2.2,1.3,11.1
489360,2008,86,12900,23.5,30.5,2.2,1.4,2.0
489360,2008,87,14900,23.2,29.8,2.2,1.5,14.3
489360,2008,88,16000,23.5,30.2,2.2,1.1,-99.0
489360,2008,89,19200,23.5,31.2,2.3,1.5,-99.0
489360,2008,90,22200,23.4,31.1,2.4,2.0,-99.0
489360,2008,91,23200,23.4,31.6,2.4,2.0,-99.0
489360,2008,92,13400,23.1,31.3,2.4,1.7,4.8
489360,2008,93,21700,23.1,31.3,2.4,1.3,-99.0
489360,2008,94,21600,23.2,31.4,2.3,2.0,21.1
489360,2008,95,24000,23.1,31.6,2.3,2.4,-99.0
489360,2008,96,19200,23.7,32.1,2.5,2.7,17.2
489360,2008,97,25200,23.6,31.9,2.4,2.4,-99.0
489360,2008,98,24100,23.7,32.0,2.4,1.7,-99.0
489360,2008,99,25600,24.0,32.5,2.4,2.1,-99.0
489360,2008,100,18200,24.1,31.9,2.6,2.4,-99.0
489360,2008,101,21700,23.3,31.3,2.4,1.7,-99.0
489360,2008,102,21200,23.4,32.1,2.3,1.5,2.1
489360,2008,103,25200,23.7,32.2,2.4,1.8,-99.0
489360,2008,104,24000,23.5,31.4,2.3,1.3,0.3
489360,2008,105,12600,23.4,30.9,2.5,1.9,29.3
489360,2008,106,17500,23.7,31.9,2.5,2.6,2.3
489360,2008,107,24300,23.7,32.4,2.4,2.1,-99.0
489360,2008,108,23900,23.6,31.9,2.4,1.8,9.7
489360,2008,109,21900,23.7,31.2,2.4,1.4,2.0
489360,2008,110,24400,24.0,31.5,2.5,1.3,-99.0
489360,2008,111,19300,24.0,31.8,2.5,1.4,-99.0
489360,2008,112,14700,23.9,31.5,2.6,2.3,-99.0
489360,2008,113,15300,23.9,30.8,2.5,2.5,-99.0
489360,2008,114,17100,23.8,31.4,2.4,1.1,3.5
489360,2008,115,16200,24.1,31.8,2.4,1.1,9.4
489360,2008,116,18300,23.9,31.5,2.4,1.4,11.6
489360,2008,117,10600,23.6,30.3,2.5,1.5,18.1
489360,2008,118,17500,23.7,31.5,2.5,1.4,-99.0
489360,2008,119,15600,23.8,30.6,2.5,1.4,18.7
489360,2008,120,22200,23.9,32.1,2.2,1.0,4.4
489360,2008,121,23900,24.0,31.6,2.4,1.8,-99.0
489360,2008,122,22000,23.6,31.6,2.4,2.4,0.5
489360,2008,123,19400,23.6,31.5,2.4,2.1,0.7
489360,2008,124,8000,23.4,30.3,2.5,1.3,6.4
489360,2008,125,20700,23.6,32.0,2.4,1.0,-99.0
489360,2008,126,16000,24.0,31.0,2.5,0.9,-99.0
489360,2008,127,22100,23.6,32.1,2.4,0.8,-99.0
489360,2008,128,22800,23.6,31.9,2.4,1.1,-99.0
489360,2008,129,20900,23.6,30.4,2.4,1.5,1.7
489360,2008,130,20200,23.5,31.1,2.4,1.4,5.6
489360,2008,131,18600,23.3,29.8,2.4,2.3,13.8
489360,2008,132,14400,23.4,30.4,2.5,3.1,14.6
489360,2008,133,17600,23.3,30.3,2.5,3.1,15.7
489360,2008,134,18400,23.3,31.2,2.5,2.5,29.6
489360,2008,135,18600,23.5,31.7,2.5,3.6,24.1
489360,2008,136,12200,24.1,31.5,2.6,4.4,12.0
489360,2008,137,8300,23.5,30.7,2.5,3.2,7.0
489360,2008,138,22400,23.4,32.4,2.4,2.6,-99.0
489360,2008,139,20800,23.9,32.4,2.4,2.5,-99.0
489360,2008,140,21700,23.7,32.5,2.4,1.8,-99.0
489360,2008,141,22400,23.6,32.1,2.3,1.2,9.5
489360,2008,142,24200,23.6,32.3,2.3,1.1,1.3
489360,2008,143,22600,23.7,32.0,2.3,1.5,-99.0
489360,2008,144,24000,23.6,32.5,2.3,1.2,1.8
489360,2008,145,24600,23.3,32.7,2.3,2.0,-99.0
489360,2008,146,23700,23.3,31.5,2.3,1.9,-99.0
489360,2008,147,21300,23.3,32.0,2.3,2.1,-99.0
489360,2008,148,19500,23.2,32.1,2.3,1.8,0.5
489360,2008,149,22100,23.3,31.8,2.3,2.0,-99.0
489360,2008,150,23300,23.2,32.3,2.3,2.3,0.5
489360,2008,151,23000,23.9,32.2,2.4,2.6,0.1
489360,2008,152,21100,23.7,32.6,2.5,2.4,-99.0
489360,2008,153,12300,23.3,31.2,2.4,2.3,28.8
489360,2008,154,20600,23.4,32.2,2.3,2.5,0.7
489360,2008,155,16800,23.9,31.8,2.5,2.8,0.3
489360,2008,156,17000,23.6,31.3,2.5,1.7,2.1
489360,2008,157,14400,23.8,30.8,2.6,2.2,8.6
489360,2008,158,10300,23.3,30.4,2.5,2.1,17.8
489360,2008,159,17000,23.2,30.8,2.5,1.8,0.3
489360,2008,160,13800,23.4,30.7,2.5,2.6,11.5
489360,2008,161,5300,23.4,30.1,2.6,2.1,57.6
489360,2008,162,8300,23.2,29.2,2.5,1.0,14.0
489360,2008,163,20200,23.2,31.7,2.5,1.9,-99.0
489360,2008,164,17400,23.5,31.3,2.5,1.6,-99.0
489360,2008,165,23700,23.4,31.3,2.4,2.1,-99.0
489360,2008,166,20700,23.4,31.4,2.4,1.3,4.7
489360,2008,167,23300,23.4,32.3,2.4,2.2,-99.0
489360,2008,168,15100,23.2,31.4,2.4,1.9,8.8
489360,2008,169,19500,23.3,31.6,2.4,1.2,-99.0
489360,2008,170,16600,23.8,31.2,2.4,1.0,0.4
489360,2008,171,23400,23.0,31.4,2.4,1.8,-99.0
489360,2008,172,18400,23.3,30.0,2.5,2.8,7.4
489360,2008,173,12100,23.1,29.8,2.5,3.3,4.9
489360,2008,174,20400,23.5,30.9,2.4,3.9,1.9
489360,2008,175,21500,23.3,31.6,2.4,3.8,-99.0
489360,2008,176,22400,23.3,32.6,2.5,3.3,-99.0
489360,2008,177,22100,22.9,31.0,2.4,2.7,-99.0
489360,2008,178,18000,23.2,32.3,2.5,2.2,-99.0
489360,2008,179,22500,23.1,32.0,2.3,2.0,-99.0
489360,2008,180,22500,23.0,32.3,2.2,1.8,-99.0
489360,2008,181,6200,23.4,30.1,2.4,2.0,21.1
489360,2008,182,23500,23.1,31.6,2.2,1.8,-99.0
489360,2008,183,22800,22.7,31.5,2.1,0.9,-99.0
489360,2008,184,17400,22.7,31.1,2.2,1.2,9.2
489360,2008,185,9500,22.8,29.9,2.3,2.1,14.4
489360,2008,186,23300,22.7,31.9,2.3,2.0,-99.0
489360,2008,187,6400,22.9,29.8,2.4,2.5,30.7
489360,2008,188,22400,23.2,30.6,2.4,2.3,-99.0
489360,2008,189,23700,23.3,31.3,2.4,3.1,-99.0
489360,2008,190,23300,23.1,32.1,2.4,2.9,-99.0
489360,2008,191,21400,23.1,31.3,2.4,2.7,-99.0
489360,2008,192,20100,23.1,31.6,2.4,1.9,-99.0
489360,2008,193,22400,23.0,31.8,2.4,1.8,-99.0
489360,2008,194,23300,23.2,31.9,2.3,1.9,-99.0
489360,2008,195,23500,23.6,32.3,2.4,2.9,-99.0
489360,2008,196,19600,23.5,32.0,2.4,2.4,-99.0
489360,2008,197,22000,23.5,31.6,2.4,2.4,-99.0
489360,2008,198,20000,23.3,31.7,2.4,2.5,20.5
489360,2008,199,11900,23.3,30.3,2.4,2.4,2.5
489360,2008,200,22400,23.5,31.8,2.3,2.3,-99.0
489360,2008,201,21900,23.3,30.7,2.3,1.7,3.8
489360,2008,202,17300,23.0,30.7,2.3,1.4,3.8
489360,2008,203,22100,23.1,30.7,2.3,1.8,0.2
489360,2008,204,17500,23.1,31.2,2.4,3.2,11.3
489360,2008,205,5700,23.3,30.2,2.3,2.0,8.2
489360,2008,206,21400,22.8,31.0,2.3,2.1,-99.0
489360,2008,207,17900,23.0,31.4,2.3,3.1,0.1
489360,2008,208,22200,23.2,31.2,2.3,2.1,-99.0
489360,2008,209,22500,22.6,31.7,2.3,2.6,-99.0
489360,2008,210,8900,22.4,30.6,2.4,2.2,16.8
489360,2008,211,16900,23.3,31.0,2.5,2.9,-99.0
489360,2008,212,18000,23.3,31.1,2.4,3.0,-99.0
489360,2008,213,22500,23.1,31.8,2.3,2.6,-99.0
489360,2008,214,18500,23.4,31.7,2.4,2.1,-99.0
489360,2008,215,23900,23.1,32.5,2.3,2.7,1.9
489360,2008,216,13200,23.3,31.8,2.4,3.1,-99.0
489360,2008,217,23600,23.1,32.8,2.4,3.2,3.8
489360,2008,218,24600,23.3,32.0,2.4,2.9,0.3
489360,2008,219,19700,23.5,32.8,2.5,3.4,2.4
489360,2008,220,21200,23.3,32.8,2.4,2.7,1.3
489360,2008,221,20500,23.4,31.0,2.3,2.2,5.7
489360,2008,222,24100,23.2,31.4,2.3,2.2,-99.0
489360,2008,223,15600,23.1,31.4,2.4,2.7,1.8
489360,2008,224,17600,22.6,31.5,2.3,3.7,11.6
489360,2008,225,6500,22.4,29.8,2.2,2.6,31.2
489360,2008,226,15500,22.5,30.8,2.1,1.6,1.3
489360,2008,227,22000,22.9,31.7,2.1,2.1,-99.0
489360,2008,228,19700,23.4,30.9,2.4,3.1,0.7
489360,2008,229,16000,23.0,30.1,2.4,3.0,-99.0
489360,2008,230,21600,22.6,31.7,2.2,2.3,-99.0
489360,2008,231,21300,23.2,32.2,2.5,2.6,1.5
489360,2008,232,23200,23.4,32.2,2.4,2.0,0.7
489360,2008,233,21500,23.4,32.3,2.3,2.3,-99.0
489360,2008,234,22800,23.6,32.4,2.4,3.0,-99.0
489360,2008,235,23500,23.5,32.1,2.3,2.9,-99.0
489360,2008,236,23900,23.4,31.5,2.4,2.6,0.4
489360,2008,237,22300,23.2,31.8,2.3,1.3,-99.0
489360,2008,238,25000,23.2,31.8,2.3,2.3,-99.0
489360,2008,239,18000,23.2,31.6,2.3,3.1,1.3
489360,2008,240,23700,23.3,32.4,2.3,2.7,1.5
489360,2008,241,23300,23.4,31.6,2.3,3.1,-99.0
489360,2008,242,13300,23.4,30.7,2.4,2.4,30.3
489360,2008,243,13700,22.9,30.1,2.3,1.6,-99.0
489360,2008,244,21600,22.8,31.1,2.3,2.0,-99.0
489360,2008,245,23700,23.2,31.6,2.3,2.1,1.3
489360,2008,246,23100,23.4,30.8,2.3,2.6,-99.0
489360,2008,247,23400,23.4,32.2,2.2,1.8,-99.0
489360,2008,248,22600,23.5,32.1,2.3,1.6,-99.0
489360,2008,249,18900,23.4,30.1,2.4,1.3,2.5
489360,2008,250,18000,23.3,30.4,2.3,1.7,-99.0
489360,2008,251,24700,23.1,31.6,2.3,1.8,-99.0
489360,2008,252,20600,23.0,30.7,2.4,1.8,17.5
489360,2008,253,22900,23.3,31.0,2.4,1.4,1.7
489360,2008,254,16600,23.1,31.8,2.2,1.4,11.4
489360,2008,255,16300,23.3,31.1,2.2,1.6,23.6
489360,2008,256,15800,23.2,30.9,2.1,1.1,-99.0
489360,2008,257,22200,23.4,32.4,2.2,1.2,-99.0
489360,2008,258,25100,23.6,32.8,2.2,1.7,-99.0
489360,2008,259,23100,23.6,32.6,2.3,3.0,-99.0
489360,2008,260,17600,23.0,31.1,2.1,1.6,8.4
489360,2008,261,19700,22.9,29.9,2.2,1.3,21.7
489360,2008,262,14900,23.0,30.6,2.3,1.7,5.1
489360,2008,263,15500,23.2,31.5,2.3,2.2,5.5
489360,2008,264,24900,23.1,32.3,2.2,1.3,-99.0
489360,2008,265,23100,23.7,32.6,2.3,2.4,-99.0
489360,2008,266,25100,23.7,32.4,2.5,3.6,8.4
489360,2008,267,25400,23.3,33.0,2.4,4.0,-99.0
489360,2008,268,23900,23.3,32.9,2.4,2.7,-99.0
489360,2008,269,24500,23.3,32.2,2.3,1.7,0.7
489360,2008,270,22800,23.2,32.8,2.2,2.9,6.4
489360,2008,271,21300,23.1,32.0,2.2,2.8,8.9
489360,2008,272,16500,23.0,31.6,2.3,2.4,-99.0
489360,2008,273,24800,23.1,32.5,2.2,1.8,-99.0
489360,2008,274,25500,23.0,32.0,2.1,1.2,0.9
489360,2008,275,25200,23.6,32.5,2.0,0.6,-99.0
489360,2008,276,24200,23.5,32.3,2.1,1.4,-99.0
489360,2008,277,22900,23.3,32.4,2.1,1.4,-99.0
489360,2008,278,25100,23.3,32.4,2.1,1.5,-99.0
489360,2008,279,17900,23.4,31.3,2.2,1.0,8.6
489360,2008,280,23300,23.0,31.1,2.1,1.2,-99.0
489360,2008,281,24700,23.1,32.1,2.1,1.4,-99.0
489360,2008,282,24900,23.2,32.3,2.1,1.3,-99.0
489360,2008,283,20600,23.2,31.8,2.1,1.6,0.3
489360,2008,284,23700,23.6,31.9,2.2,2.3,-99.0
489360,2008,285,24400,23.6,32.8,2.3,2.4,-99.0
489360,2008,286,22400,23.7,31.8,2.3,1.9,-99.0
489360,2008,287,12400,23.2,31.8,2.2,1.8,31.5
489360,2008,288,23400,23.3,31.8,2.2,2.1,-99.0
489360,2008,289,24500,23.7,32.2,2.2,1.9,-99.0
489360,2008,290,24200,23.8,32.1,2.1,1.2,-99.0
489360,2008,291,15500,23.4,32.2,2.2,1.4,-99.0
489360,2008,292,24600,23.9,32.7,2.4,1.5,-99.0
489360,2008,293,23000,23.9,32.5,2.2,1.0,-99.0
489360,2008,294,23900,24.2,32.3,2.3,1.6,-99.0
489360,2008,295,22000,24.4,32.4,2.3,1.9,2.6
489360,2008,296,14600,24.1,31.8,2.5,2.3,8.2
489360,2008,297,10700,23.7,30.0,2.5,2.0,19.8
489360,2008,298,17400,23.3,31.5,2.3,1.6,-99.0
489360,2008,299,13600,23.5,28.6,2.5,1.2,22.1
489360,2008,300,11500,23.4,29.3,2.5,2.5,8.4
489360,2008,301,5200,23.3,28.8,2.5,2.5,24.2
489360,2008,302,7500,23.4,30.3,2.5,2.4,10.4
489360,2008,303,21300,23.7,31.8,2.4,2.0,-99.0
489360,2008,304,18600,23.7,31.6,2.5,1.8,13.0
489360,2008,305,8100,23.6,30.0,2.5,1.8,14.8
489360,2008,306,22200,23.9,31.5,2.5,1.6,-99.0
489360,2008,307,23500,23.5,31.5,2.4,1.3,16.0
489360,2008,308,7700,23.3,30.0,2.4,1.7,33.5
489360,2008,309,20700,23.3,30.5,2.4,1.9,20.4
489360,2008,310,9900,23.3,31.1,2.4,1.9,31.7
489360,2008,311,20900,23.7,31.7,2.4,1.2,-99.0
489360,2008,312,19700,23.7,32.3,2.4,2.1,1.6
489360,2008,313,19000,23.5,31.6,2.3,1.4,-99.0
489360,2008,314,20100,23.7,32.3,2.3,1.4,7.6
489360,2008,315,18600,23.4,31.8,2.4,1.2,1.8
489360,2008,316,21700,23.4,32.8,2.4,1.3,-99.0
489360,2008,317,21300,23.5,32.1,2.5,1.5,-99.0
489360,2008,318,17400,23.7,32.0,2.4,1.0,0.3
489360,2008,319,12900,23.7,30.7,2.5,1.7,19.4
489360,2008,320,8900,23.8,30.5,2.4,1.1,3.0
489360,2008,321,21000,23.5,31.9,2.3,1.8,-99.0
489360,2008,322,17900,23.6,31.5,2.3,2.4,7.8
489360,2008,323,17700,24.1,31.6,2.5,2.1,-99.0
489360,2008,324,22000,24.3,31.8,2.6,2.1,-99.0
489360,2008,325,7200,24.0,29.0,2.6,1.6,25.8
489360,2008,326,13700,23.6,31.6,2.5,1.4,-99.0
489360,2008,327,19700,23.5,30.4,2.5,1.9,22.7
489360,2008,328,14100,23.6,30.6,2.6,2.1,10.1
489360,2008,329,15300,23.5,30.3,2.4,2.0,-99.0
489360,2008,330,18900,23.4,30.6,2.4,1.1,-99.0
489360,2008,331,21000,23.5,31.5,2.4,1.6,1.7
489360,2008,332,18600,23.5,31.6,2.3,1.5,7.8
489360,2008,333,22500,23.6,31.5,2.4,1.7,-99.0
489360,2008,334,19200,23.8,31.6,2.5,2.3,-99.0
489360,2008,335,19600,23.8,32.4,2.6,1.5,0.7
489360,2008,336,19600,23.4,31.5,2.5,1.7,0.2
489360,2008,337,18900,23.6,31.7,2.4,0.8,0.2
489360,2008,338,18200,23.6,32.0,2.4,1.3,10.4
489360,2008,339,19100,23.6,32.2,2.5,1.5,4.0
489360,2008,340,20700,23.7,31.4,2.5,1.6,-99.0
489360,2008,341,19800,23.7,31.2,2.4,1.3,6.3
489360,2008,342,18300,23.8,31.1,2.6,1.6,-99.0
489360,2008,343,20000,23.8,32.1,2.6,2.1,4.1
489360,2008,344,19500,23.9,31.7,2.6,1.6,0.3
489360,2008,345,19100,23.7,30.8,2.6,1.7,-99.0
489360,2008,346,5900,23.5,30.2,2.5,1.1,0.6
489360,2008,347,21200,23.7,32.0,2.4,1.2,-99.0
489360,2008,348,21900,23.9,32.3,2.5,1.1,0.5
489360,2008,349,20300,23.9,32.1,2.5,1.9,-99.0
489360,2008,350,20600,23.8,32.1,2.3,2.6,-99.0
489360,2008,351,19100,23.9,31.9,2.2,2.1,-99.0
489360,2008,352,21500,23.9,31.2,2.2,2.2,-99.0
489360,2008,353,17900,23.9,30.5,2.5,3.0,-99.0
489360,2008,354,16200,23.7,30.6,2.5,2.1,-99.0
489360,2008,355,10300,23.5,30.4,2.5,2.1,11.0
489360,2008,356,16100,23.6,31.2,2.4,2.2,1.9
489360,2008,357,7000,23.8,30.0,2.4,1.3,6.7
489360,2008,358,12100,23.4,30.1,2.4,1.6,13.9
489360,2008,359,20400,23.7,32.2,2.4,1.8,-99.0
489360,2008,360,15500,23.6,32.0,2.3,1.7,20.6
489360,2008,361,16700,23.5,30.1,2.5,1.7,-99.0
489360,2008,362,7100,23.4,29.1,2.4,1.6,26.2
489360,2008,363,12900,23.6,30.6,2.4,2.3,2.0
489360,2008,364,18800,23.2,31.3,2.3,2.2,-99.0
489360,2008,365,12900,23.0,30.8,2.3,1.2,-99.0
489360,2008,366,21800,23.1,31.0,2.3,2.8,-99.0
