119.875, 5.125, 29.96, 0, 0
489360,2001,1,18600,23.0,29.7,2.1,6.1,1.7
489360,2001,2,19600,23.2,30.0,2.3,3.3,0.1
489360,2001,3,17800,23.2,30.4,2.5,2.6,-99.0
489360,2001,4,15300,23.3,30.3,2.6,2.6,-99.0
489360,2001,5,19800,23.5,30.6,2.5,3.9,-99.0
489360,2001,6,20000,23.8,30.8,2.6,2.1,-99.0
489360,2001,7,18300,23.8,30.5,2.7,1.3,1.2
489360,2001,8,19000,23.7,30.6,2.7,1.1,3.8
489360,2001,9,10000,23.5,30.1,2.7,1.2,6.6
489360,2001,10,7300,23.4,29.8,2.5,1.1,8.8
489360,2001,11,18200,23.3,30.9,2.5,1.1,0.2
489360,2001,12,18000,23.6,30.6,2.6,1.9,12.6
489360,2001,13,7000,23.3,29.2,2.7,1.0,16.5
489360,2001,14,6000,23.0,29.6,2.4,4.2,19.2
489360,2001,15,18400,23.4,29.7,2.5,4.0,-99.0
489360,2001,16,17900,23.6,30.4,2.7,2.3,30.4
489360,2001,17,19700,23.4,30.3,2.7,1.8,8.4
489360,2001,18,10000,23.2,30.3,2.5,2.7,-99.0
489360,2001,19,18700,23.2,30.7,2.4,3.3,0.7
489360,2001,20,12700,23.1,29.8,2.4,4.0,4.3
489360,2001,21,19200,23.5,31.3,2.5,2.7,1.5
489360,2001,22,15500,23.3,30.4,2.6,2.7,-99.0
489360,2001,23,17200,23.4,31.2,2.6,2.7,-99.0
489360,2001,24,19200,23.6,31.2,2.6,2.3,-99.0
489360,2001,25,16000,23.7,31.3,2.7,1.7,3.3
489360,2001,26,21400,23.6,30.9,2.5,1.4,1.1
489360,2001,27,18700,23.7,31.7,2.6,1.9,-99.0
489360,2001,28,12400,24.1,30.4,2.6,2.9,-99.0
489360,2001,29,14000,24.0,30.8,2.6,2.8,4.4
489360,2001,30,20600,24.1,31.1,2.6,1.9,-99.0
489360,2001,31,19100,23.5,31.2,2.7,1.5,-99.0
489360,2001,32,16600,23.5,30.2,2.7,1.8,-99.0
489360,2001,33,10200,23.2,30.7,2.5,1.7,0.4
489360,2001,34,16500,23.7,30.0,2.5,1.9,37.6
489360,2001,35,11200,23.4,30.1,2.5,1.8,-99.0
489360,2001,36,13800,23.6,30.3,2.4,2.3,17.0
489360,2001,37,9300,23.2,30.1,2.5,2.4,6.5
489360,2001,38,20500,23.5,30.5,2.4,2.6,0.9
489360,2001,39,19600,23.7,31.1,2.5,2.3,-99.0
489360,2001,40,19600,23.8,30.7,2.6,2.1,3.8
489360,2001,41,16400,23.5,30.8,2.6,2.1,1.4
489360,2001,42,19500,23.5,30.0,2.4,3.0,-99.0
489360,2001,43,21900,23.8,31.1,2.3,4.6,-99.0
489360,2001,44,16200,23.8,30.7,2.6,4.1,47.8
489360,2001,45,4200,23.6,30.5,2.5,4.8,66.7
489360,2001,46,19000,23.7,30.0,2.2,5.4,0.5
489360,2001,47,10000,23.7,29.2,2.4,5.3,2.9
489360,2001,48,6600,23.7,29.3,2.4,5.4,11.8
489360,2001,49,20700,23.6,30.6,2.5,5.2,-99.0
489360,2001,50,21300,23.6,31.0,2.4,6.4,-99.0
489360,2001,51,25800,23.3,31.1,2.1,5.8,1.3
489360,2001,52,23000,23.5,31.6,2.5,2.5,-99.0
489360,2001,53,19300,23.0,31.6,2.6,1.4,19.0
489360,2001,54,17700,23.6,31.4,2.7,1.3,-99.0
489360,2001,55,9900,23.6,30.7,2.6,1.4,33.6
489360,2001,56,24100,23.4,31.9,2.5,1.1,-99.0
489360,2001,57,24900,24.1,32.0,2.7,1.8,-99.0
489360,2001,58,22300,24.1,31.7,2.7,1.8,2.2
489360,2001,59,20800,23.9,30.4,2.7,3.2,-99.0
489360,2001,60,11400,23.9,30.5,2.7,1.9,9.0
489360,2001,61,20600,23.8,31.0,2.7,2.0,2.9
489360,2001,62,21300,23.8,31.3,2.7,2.3,-99.0
489360,2001,63,20900,23.7,30.6,2.8,0.3,-99.0
489360,2001,64,20200,23.5,31.2,2.6,1.4,-99.0
489360,2001,65,19200,23.8,31.5,2.5,2.7,-99.0
489360,2001,66,25600,23.9,31.2,2.5,2.2,-99.0
489360,2001,67,20900,23.8,31.9,2.7,1.5,-99.0
489360,2001,68,24700,23.5,31.1,2.5,2.2,-99.0
489360,2001,69,21300,23.9,31.6,2.5,2.7,-99.0
489360,2001,70,14900,23.6,30.9,2.7,1.6,6.0
489360,2001,71,6800,23.5,30.4,2.6,1.1,34.4
489360,2001,72,16800,23.7,29.0,2.6,1.1,-99.0
489360,2001,73,16600,23.2,29.7,2.5,2.2,14.1
489360,2001,74,19500,23.4,30.3,2.5,1.2,12.9
489360,2001,75,23400,23.9,31.1,2.5,2.2,-99.0
489360,2001,76,11600,23.5,30.5,2.4,3.2,-99.0
489360,2001,77,20300,24.3,30.7,2.6,2.3,-99.0
489360,2001,78,21800,24.3,30.6,2.6,2.7,-99.0
489360,2001,79,18800,24.1,31.7,2.5,2.5,-99.0
489360,2001,80,5600,23.9,30.4,2.5,2.5,51.8
489360,2001,81,24500,23.7,31.7,2.4,2.4,0.5
489360,2001,82,23900,24.1,31.6,2.6,3.0,-99.0
489360,2001,83,21300,24.0,32.1,2.6,2.9,15.2
489360,2001,84,14100,23.6,31.5,2.5,2.7,-99.0
489360,2001,85,24800,23.8,31.9,2.6,2.3,-99.0
489360,2001,86,11200,23.3,31.5,2.6,1.6,2.2
489360,2001,87,24100,23.8,31.5,2.8,0.8,-99.0
489360,2001,88,25500,24.2,31.5,2.8,1.3,-99.0
489360,2001,89,20400,24.3,31.4,2.8,1.4,22.5
489360,2001,90,20800,24.0,31.6,2.6,1.8,2.9
489360,2001,91,18800,23.6,30.9,2.6,1.3,11.7
489360,2001,92,19800,23.5,31.4,2.4,3.2,-99.0
489360,2001,93,25800,23.9,32.1,2.4,3.2,-99.0
489360,2001,94,23500,23.7,32.0,2.5,2.3,0.9
489360,2001,95,25900,24.4,32.3,2.6,1.7,1.7
489360,2001,96,24200,25.1,33.0,2.8,1.1,-99.0
489360,2001,97,22600,24.7,31.5,2.7,1.4,1.1
489360,2001,98,18600,25.0,32.0,2.8,1.0,0.5
489360,2001,99,24900,24.8,32.1,2.7,1.7,-99.0
489360,2001,100,24400,24.7,32.7,2.7,2.1,-99.0
489360,2001,101,24000,24.2,32.5,2.7,1.7,-99.0
489360,2001,102,24000,24.0,32.4,2.8,0.9,1.9
489360,2001,103,25200,23.8,32.0,2.5,0.9,-99.0
489360,2001,104,25300,24.2,32.4,2.6,2.3,-99.0
489360,2001,105,15500,24.1,32.2,2.6,1.6,3.8
489360,2001,106,26200,24.3,32.0,2.4,1.8,-99.0
489360,2001,107,22900,24.0,31.7,2.2,1.8,5.2
489360,2001,108,25200,23.9,32.5,2.3,1.9,-99.0
489360,2001,109,24800,24.0,31.3,2.6,1.3,-99.0
489360,2001,110,21100,24.1,32.5,2.5,2.6,-99.0
489360,2001,111,22900,24.4,31.8,2.6,1.5,-99.0
489360,2001,112,20300,24.4,32.5,2.8,1.8,2.5
489360,2001,113,23300,24.5,32.5,2.8,2.2,-99.0
489360,2001,114,16700,24.6,32.3,2.8,2.1,11.0
489360,2001,115,13100,24.3,29.7,2.7,1.9,46.4
489360,2001,116,7300,24.2,30.4,2.8,1.8,22.2
489360,2001,117,22500,24.1,31.8,2.6,2.7,9.7
489360,2001,118,22700,23.9,31.9,2.7,1.5,1.1
489360,2001,119,24200,24.4,31.7,2.7,2.2,-99.0
489360,2001,120,21800,24.6,31.8,2.7,2.1,-99.0
489360,2001,121,22900,24.3,31.9,2.7,2.0,-99.0
489360,2001,122,25000,24.4,32.4,2.8,0.8,-99.0
489360,2001,123,25200,24.2,32.7,2.8,1.4,-99.0
489360,2001,124,24800,24.5,32.9,2.7,1.3,-99.0
489360,2001,125,25100,24.5,31.9,2.6,1.7,0.1
489360,2001,126,22000,24.4,32.0,2.8,0.9,-99.0
489360,2001,127,24100,24.6,32.3,2.9,1.6,0.3
489360,2001,128,22200,24.5,32.4,2.7,3.1,3.3
489360,2001,129,18600,24.4,32.0,2.6,3.1,-99.0
489360,2001,130,17700,24.4,32.5,2.5,5.3,13.8
489360,2001,131,8100,24.5,32.3,2.6,3.9,10.6
489360,2001,132,24300,24.4,32.2,2.6,3.7,-99.0
489360,2001,133,23100,24.3,32.3,2.6,2.3,0.1
489360,2001,134,24900,24.2,32.7,2.6,3.5,5.4
489360,2001,135,23800,24.3,32.8,2.5,3.5,-99.0
489360,2001,136,24800,24.3,32.2,2.7,3.0,-99.0
489360,2001,137,24500,24.3,32.4,2.6,2.7,-99.0
489360,2001,138,24200,24.5,32.6,2.7,2.7,-99.0
489360,2001,139,23200,24.6,32.3,2.6,2.3,3.4
489360,2001,140,5200,24.4,32.0,2.5,4.1,71.6
489360,2001,141,24000,24.3,32.6,2.3,2.5,-99.0
489360,2001,142,22100,24.6,31.9,2.6,1.2,-99.0
489360,2001,143,23500,24.2,32.7,2.4,2.4,-99.0
489360,2001,144,25100,24.1,32.7,2.7,2.1,-99.0
489360,2001,145,22500,24.6,32.4,2.7,2.1,-99.0
489360,2001,146,24100,24.1,32.5,2.7,1.8,-99.0
489360,2001,147,23100,24.1,32.5,2.7,3.0,-99.0
489360,2001,148,18400,24.3,31.8,2.6,2.8,-99.0
489360,2001,149,22900,23.9,32.3,2.5,3.0,-99.0
489360,2001,150,21400,24.1,31.7,2.7,2.1,1.1
489360,2001,151,7100,23.7,31.0,2.6,1.5,20.6
489360,2001,152,19600,23.7,30.5,2.5,2.8,2.4
489360,2001,153,15000,23.8,31.6,2.5,2.9,12.8
489360,2001,154,24800,24.1,32.0,2.5,3.4,-99.0
489360,2001,155,22500,23.9,31.9,2.6,1.9,0.3
489360,2001,156,14400,23.6,30.6,2.6,1.5,9.3
489360,2001,157,20400,23.6,31.8,2.5,2.7,1.2
489360,2001,158,23200,23.7,31.6,2.6,2.3,-99.0
489360,2001,159,24900,24.3,31.8,2.7,1.3,-99.0
489360,2001,160,18200,23.4,30.6,2.6,1.8,7.0
489360,2001,161,12400,23.4,30.9,2.4,2.3,9.7
489360,2001,162,18200,23.5,31.7,2.5,2.5,-99.0
489360,2001,163,16200,23.5,31.8,2.6,2.6,13.4
489360,2001,164,22600,23.4,32.1,2.5,2.8,-99.0
489360,2001,165,19400,23.6,32.1,2.5,2.3,1.9
489360,2001,166,24100,23.2,31.6,2.6,0.8,-99.0
489360,2001,167,19800,23.6,30.9,2.5,1.7,-99.0
489360,2001,168,18300,23.4,31.1,2.4,3.1,2.4
489360,2001,169,18300,23.3,30.7,2.3,4.9,3.1
489360,2001,170,10800,23.4,30.3,2.5,3.8,28.3
489360,2001,171,20500,23.2,30.3,2.4,3.9,-99.0
489360,2001,172,17300,23.6,31.1,2.3,6.4,-99.0
489360,2001,173,17000,24.0,32.7,2.4,5.7,31.7
489360,2001,174,18500,23.7,31.7,2.4,5.1,0.3
489360,2001,175,10500,23.7,31.5,2.4,2.0,-99.0
489360,2001,176,24600,23.6,32.0,2.6,2.2,-99.0
489360,2001,177,24900,23.5,31.7,2.4,2.3,-99.0
489360,2001,178,22400,23.7,31.2,2.7,1.6,-99.0
489360,2001,179,21500,23.7,31.6,2.4,4.4,-99.0
489360,2001,180,22600,23.6,32.2,2.4,3.7,-99.0
489360,2001,181,16700,23.7,31.5,2.4,3.5,7.7
489360,2001,182,14500,23.8,30.7,2.4,4.9,3.4
489360,2001,183,20000,24.0,31.5,2.5,3.8,-99.0
489360,2001,184,20300,24.6,31.2,2.6,5.9,0.5
489360,2001,185,16900,23.8,31.4,2.3,8.2,3.2
489360,2001,186,21200,23.7,32.0,2.3,7.7,-99.0
489360,2001,187,23800,23.2,32.8,2.4,4.6,-99.0
489360,2001,188,21300,23.2,31.8,2.4,2.5,-99.0
489360,2001,189,18600,23.4,31.2,2.7,1.4,-99.0
489360,2001,190,20300,23.5,31.8,2.5,1.7,-99.0
489360,2001,191,23700,23.4,32.3,2.6,2.1,-99.0
489360,2001,192,13500,23.4,32.4,2.4,3.5,16.7
489360,2001,193,23600,23.8,32.4,2.6,2.0,-99.0
489360,2001,194,22800,23.7,32.3,2.7,2.3,-99.0
489360,2001,195,23700,23.9,32.8,2.6,2.9,1.5
489360,2001,196,24000,24.1,32.8,2.6,3.2,-99.0
489360,2001,197,23700,23.7,32.1,2.6,2.5,-99.0
489360,2001,198,23700,23.5,32.2,2.5,2.2,2.1
489360,2001,199,22300,24.1,32.2,2.6,2.6,-99.0
489360,2001,200,20400,24.1,31.9,2.7,1.8,-99.0
489360,2001,201,12800,23.5,31.8,2.5,3.1,4.2
489360,2001,202,24300,23.4,32.3,2.6,2.3,-99.0
489360,2001,203,21700,23.0,32.2,2.2,2.7,-99.0
489360,2001,204,23600,23.7,31.8,2.4,2.7,-99.0
489360,2001,205,24300,23.8,32.1,2.7,1.1,-99.0
489360,2001,206,24900,23.5,31.9,2.6,1.6,1.8
489360,2001,207,22800,23.7,31.4,2.5,2.3,-99.0
489360,2001,208,15400,23.5,31.5,2.5,1.9,19.9
489360,2001,209,21000,24.0,31.6,2.5,2.1,-99.0
489360,2001,210,15500,23.6,31.7,2.5,2.1,42.9
489360,2001,211,23700,23.3,31.8,2.5,1.6,-99.0
489360,2001,212,20800,24.0,31.8,2.5,0.9,-99.0
489360,2001,213,23500,24.0,30.8,2.6,1.2,-99.0
489360,2001,214,14900,23.8,31.0,2.6,2.9,28.2
489360,2001,215,7100,23.5,30.3,2.4,4.7,11.2
489360,2001,216,7100,23.8,30.6,2.5,6.3,12.4
489360,2001,217,15400,23.5,31.1,2.4,5.8,5.5
489360,2001,218,11000,23.6,31.3,2.6,1.8,-99.0
489360,2001,219,21800,24.1,31.1,2.5,3.3,-99.0
489360,2001,220,24600,24.1,31.6,2.4,4.9,-99.0
489360,2001,221,19600,24.0,31.6,2.5,4.4,-99.0
489360,2001,222,11200,23.6,30.3,2.6,1.9,2.7
489360,2001,223,7600,23.3,30.3,2.3,3.7,5.7
489360,2001,224,12600,24.0,30.4,2.4,4.4,2.9
489360,2001,225,18000,24.0,31.0,2.4,5.8,-99.0
489360,2001,226,19400,24.4,31.9,2.6,5.9,0.5
489360,2001,227,18400,25.1,32.0,2.5,8.2,-99.0
489360,2001,228,21900,24.9,31.4,2.4,8.2,-99.0
489360,2001,229,18400,25.7,31.5,2.6,8.4,-99.0
489360,2001,230,19800,24.7,31.8,2.5,8.1,-99.0
489360,2001,231,20800,24.6,31.4,2.5,7.6,9.2
489360,2001,232,15100,24.6,31.8,2.5,7.3,10.6
489360,2001,233,17700,24.4,31.8,2.6,5.7,-99.0
489360,2001,234,19600,24.0,32.0,2.7,4.5,-99.0
489360,2001,235,15100,24.4,32.0,2.6,3.4,4.3
489360,2001,236,12800,24.5,32.0,2.5,4.3,3.1
489360,2001,237,25300,24.6,32.6,2.7,5.1,-99.0
489360,2001,238,22300,24.5,32.7,2.7,4.6,0.5
489360,2001,239,16300,24.4,32.3,2.7,4.3,0.7
489360,2001,240,19700,24.5,32.8,2.7,4.5,-99.0
489360,2001,241,22700,24.1,32.5,2.5,5.5,-99.0
489360,2001,242,24900,24.2,32.6,2.5,4.7,-99.0
489360,2001,243,22300,24.5,32.9,2.6,3.2,-99.0
489360,2001,244,24800,24.3,32.7,2.5,3.5,-99.0
489360,2001,245,24000,24.3,32.3,2.4,3.9,1.7
489360,2001,246,22500,24.1,32.2,2.6,3.1,6.6
489360,2001,247,25800,24.1,32.3,2.6,2.4,-99.0
489360,2001,248,25200,23.9,32.1,2.4,2.6,0.1
489360,2001,249,24400,23.7,32.3,2.3,2.7,1.1
489360,2001,250,24700,24.3,31.9,2.6,2.0,-99.0
489360,2001,251,23700,24.0,31.7,2.7,1.3,-99.0
489360,2001,252,22500,23.6,31.6,2.4,2.0,-99.0
489360,2001,253,25200,23.6,31.8,2.3,1.6,-99.0
489360,2001,254,24700,24.3,32.0,2.7,2.1,-99.0
489360,2001,255,25100,24.1,32.4,2.7,2.3,-99.0
489360,2001,256,25100,24.0,31.2,2.8,1.2,-99.0
489360,2001,257,25000,23.9,31.9,2.4,2.4,-99.0
489360,2001,258,25500,24.4,32.3,2.4,4.1,-99.0
489360,2001,259,25900,24.1,32.4,2.6,3.1,-99.0
489360,2001,260,24000,24.6,31.7,2.7,1.1,-99.0
489360,2001,261,24000,23.8,31.7,2.6,0.9,-99.0
489360,2001,262,23000,23.9,30.9,2.5,0.9,-99.0
489360,2001,263,22700,23.8,31.9,2.5,1.7,4.2
489360,2001,264,17500,23.5,30.9,2.6,1.0,-99.0
489360,2001,265,24400,24.4,31.7,2.4,2.1,-99.0
489360,2001,266,23000,24.2,31.9,2.3,3.5,-99.0
489360,2001,267,24600,24.3,31.4,2.4,3.7,-99.0
489360,2001,268,22400,24.3,31.6,2.4,3.5,-99.0
489360,2001,269,25000,24.1,31.3,2.5,1.8,1.0
489360,2001,270,21800,24.1,31.5,2.6,2.1,10.8
489360,2001,271,11800,24.2,30.7,2.8,1.7,17.2
489360,2001,272,20100,24.0,31.0,2.4,2.2,13.2
489360,2001,273,14900,23.6,31.0,2.4,3.0,17.0
489360,2001,274,21800,23.6,30.7,2.5,1.9,14.0
489360,2001,275,13800,23.5,30.6,2.5,1.6,-99.0
489360,2001,276,24800,23.8,30.8,2.3,1.6,-99.0
489360,2001,277,23300,24.2,31.7,2.4,1.1,-99.0
489360,2001,278,22800,24.0,31.9,2.5,2.2,-99.0
489360,2001,279,18900,24.0,31.9,2.7,1.2,-99.0
489360,2001,280,23200,24.2,31.9,2.7,1.5,-99.0
489360,2001,281,11100,23.7,31.0,2.6,2.1,17.0
489360,2001,282,16300,23.5,30.6,2.4,2.9,8.6
489360,2001,283,5300,23.5,30.9,2.3,2.0,16.5
489360,2001,284,15000,23.4,31.3,2.4,3.0,-99.0
489360,2001,285,9600,23.3,31.8,2.4,3.0,9.1
489360,2001,286,22100,23.7,32.3,2.5,1.9,0.2
489360,2001,287,14600,23.8,32.2,2.6,2.8,3.3
489360,2001,288,23500,24.1,32.6,2.5,3.3,-99.0
489360,2001,289,20800,24.2,32.2,2.5,2.7,-99.0
489360,2001,290,24800,23.4,31.4,2.4,1.9,-99.0
489360,2001,291,18600,23.8,32.3,2.7,1.1,6.0
489360,2001,292,6000,23.8,30.9,2.6,2.2,78.1
489360,2001,293,17800,23.4,30.9,2.4,2.3,-99.0
489360,2001,294,15800,23.7,30.8,2.4,2.2,2.6
489360,2001,295,20300,23.7,31.7,2.7,1.3,-99.0
489360,2001,296,12000,23.9,32.1,2.7,0.9,-99.0
489360,2001,297,23300,24.0,32.0,2.5,2.5,-99.0
489360,2001,298,19500,24.5,32.1,2.7,1.5,-99.0
489360,2001,299,20100,24.1,32.0,2.5,2.4,-99.0
489360,2001,300,23300,24.5,32.1,2.8,1.2,0.1
489360,2001,301,22900,23.9,32.4,2.7,1.9,-99.0
489360,2001,302,19100,23.8,32.1,2.7,2.7,21.8
489360,2001,303,18100,23.7,31.6,2.4,2.6,-99.0
489360,2001,304,15600,23.9,30.8,2.6,2.3,1.7
489360,2001,305,11800,23.9,30.7,2.7,1.2,8.8
489360,2001,306,9200,23.4,30.4,2.3,1.9,8.3
489360,2001,307,12800,23.8,30.8,2.5,1.4,13.3
489360,2001,308,17600,23.9,31.4,2.5,2.6,5.8
489360,2001,309,18700,23.7,30.9,2.4,2.3,-99.0
489360,2001,310,21600,23.7,30.2,2.3,3.6,8.9
489360,2001,311,10200,23.9,30.5,2.4,6.2,2.7
489360,2001,312,17200,24.5,31.2,2.5,6.0,-99.0
489360,2001,313,17300,24.0,31.4,2.5,5.8,5.3
489360,2001,314,8600,23.8,31.0,2.5,5.5,23.2
489360,2001,315,6000,23.4,31.6,2.4,3.6,8.0
489360,2001,316,22200,24.1,31.9,2.3,1.7,-99.0
489360,2001,317,22600,24.2,31.4,2.3,3.2,7.5
489360,2001,318,12600,24.0,31.8,2.5,2.5,1.6
489360,2001,319,21400,24.0,31.8,2.7,2.4,-99.0
489360,2001,320,22000,23.9,31.6,2.6,2.4,0.0
489360,2001,321,22000,24.2,31.6,2.8,1.1,-99.0
489360,2001,322,20900,24.1,31.3,2.8,1.1,-99.0
489360,2001,323,17100,23.8,30.8,2.7,1.8,-99.0
489360,2001,324,18500,24.0,31.3,2.7,2.4,-99.0
489360,2001,325,11100,24.2,29.7,2.7,1.4,-99.0
489360,2001,326,21500,24.4,31.1,2.5,1.2,8.5
489360,2001,327,18600,24.4,31.2,2.7,1.9,25.4
489360,2001,328,17300,24.3,30.6,2.5,4.3,-99.0
489360,2001,329,17900,23.8,30.5,2.6,3.3,-99.0
489360,2001,330,13200,23.6,30.1,2.5,3.4,-99.0
489360,2001,331,15300,23.7,30.2,2.6,4.0,1.4
489360,2001,332,17200,23.8,30.7,2.6,2.7,-99.0
489360,2001,333,13100,24.0,30.6,2.7,2.5,-99.0
489360,2001,334,12100,23.9,30.1,2.7,1.6,7.3
489360,2001,335,15200,23.4,30.5,2.6,2.3,34.4
489360,2001,336,15200,23.3,29.9,2.6,1.3,2.4
489360,2001,337,16300,23.4,29.2,2.5,1.6,16.6
489360,2001,338,17300,23.4,30.8,2.5,1.5,-99.0
489360,2001,339,14900,23.6,30.1,2.5,3.1,1.3
489360,2001,340,22300,23.7,30.7,2.5,4.6,18.2
489360,2001,341,11300,23.6,30.5,2.5,3.8,6.2
489360,2001,342,1400,23.5,30.4,2.6,2.1,86.7
489360,2001,343,21400,23.4,30.9,2.6,1.6,-99.0
489360,2001,344,18400,23.6,31.0,2.6,1.3,42.6
489360,2001,345,3200,23.3,30.2,2.3,3.8,41.2
489360,2001,346,17900,23.1,29.8,2.2,2.9,-99.0
489360,2001,347,18700,23.5,30.2,2.5,2.4,-99.0
489360,2001,348,21500,23.7,31.4,2.5,2.4,6.3
489360,2001,349,21200,23.8,31.6,2.5,1.6,0.9
489360,2001,350,16500,23.8,31.2,2.5,1.7,11.2
489360,2001,351,19300,23.5,31.2,2.4,4.3,-99.0
489360,2001,352,21300,23.5,31.1,2.3,4.1,2.7
489360,2001,353,22100,23.6,31.9,2.5,3.2,-99.0
489360,2001,354,20600,24.4,31.5,2.6,3.4,-99.0
489360,2001,355,21800,24.1,31.0,2.6,3.2,-99.0
489360,2001,356,18000,23.7,31.0,2.5,3.3,-99.0
489360,2001,357,17700,23.3,30.6,2.3,4.4,-99.0
489360,2001,358,13700,23.5,30.5,2.6,1.5,-99.0
489360,2001,359,14900,23.2,29.9,2.5,3.8,-99.0
489360,2001,360,16000,23.4,29.7,2.4,5.9,-99.0
489360,2001,361,18700,23.6,30.1,2.3,5.7,2.2
489360,2001,362,20100,23.5,30.7,2.2,6.7,0.0
489360,2001,363,19300,23.2,30.0,2.1,6.8,1.7
489360,2001,364,19700,22.8,30.7,2.1,4.9,-99.0
489360,2001,365,18300,23.7,30.7,2.3,4.5,-99.0
