119.875, 5.125, 29.96, 0, 0
489360,2011,1,21500,23.0,31.6,2.4,2.1,6.2
489360,2011,2,19300,23.2,31.4,2.4,2.0,-99.0
489360,2011,3,18900,22.8,31.5,2.4,2.6,11.9
489360,2011,4,9000,22.9,29.9,2.5,2.5,10.2
489360,2011,5,15700,23.0,30.7,2.5,1.8,-99.0
489360,2011,6,14800,23.0,32.2,2.4,1.9,14.1
489360,2011,7,20200,23.4,32.2,2.4,2.3,-99.0
489360,2011,8,22300,24.1,32.9,2.5,2.9,-99.0
489360,2011,9,21200,24.4,32.7,2.6,2.3,-99.0
489360,2011,10,21900,23.4,33.0,2.4,2.1,-99.0
489360,2011,11,22400,23.6,32.7,2.4,1.6,15.7
489360,2011,12,20200,23.5,32.6,2.4,1.6,-99.0
489360,2011,13,19900,23.1,31.1,2.3,1.2,5.2
489360,2011,14,15500,22.9,31.6,2.3,0.9,-99.0
489360,2011,15,6500,22.9,29.6,2.3,1.3,25.3
489360,2011,16,19100,22.7,31.2,2.3,1.2,6.1
489360,2011,17,16900,22.8,30.7,2.4,1.5,9.9
489360,2011,18,18100,22.8,29.6,2.3,1.3,4.9
489360,2011,19,15100,22.5,29.6,2.2,0.8,2.0
489360,2011,20,18500,22.3,30.9,2.3,2.2,-99.0
489360,2011,21,22400,22.9,32.0,2.4,2.8,-99.0
489360,2011,22,18200,22.7,31.4,2.3,2.3,5.4
489360,2011,23,7200,22.7,29.8,2.4,1.8,9.7
489360,2011,24,14300,22.7,30.7,2.4,2.5,-99.0
489360,2011,25,19900,22.6,30.2,2.4,3.0,5.4
489360,2011,26,11200,22.7,29.8,2.3,2.7,77.1
489360,2011,27,14900,22.4,29.9,2.3,2.9,14.1
489360,2011,28,12500,22.4,29.3,2.3,3.8,35.1
489360,2011,29,6400,22.5,29.3,2.3,3.2,67.3
489360,2011,30,7200,22.4,29.0,2.4,2.9,47.2
489360,2011,31,15200,22.2,30.5,2.4,4.2,6.2
489360,2011,32,10600,22.3,29.7,2.4,3.9,45.6
489360,2011,33,8100,22.2,29.5,2.4,4.6,1.4
489360,2011,34,10300,22.9,30.6,2.5,3.0,93.1
489360,2011,35,7500,23.0,29.0,2.5,1.8,25.4
489360,2011,36,23100,22.5,31.1,2.3,1.2,-99.0
489360,2011,37,20300,22.5,31.1,2.3,1.0,-99.0
489360,2011,38,20300,22.9,30.4,2.3,1.2,-99.0
489360,2011,39,23000,22.6,31.3,2.2,1.4,-99.0
489360,2011,40,20300,22.8,30.2,2.3,1.6,-99.0
489360,2011,41,19500,23.1,31.7,2.3,1.9,-99.0
489360,2011,42,24500,22.9,31.3,2.3,1.8,-99.0
489360,2011,43,18100,22.7,30.1,2.4,2.3,34.8
489360,2011,44,4600,22.4,30.2,2.4,2.8,69.5
489360,2011,45,21100,22.5,31.3,2.4,2.3,-99.0
489360,2011,46,23800,23.3,31.8,2.4,2.2,-99.0
489360,2011,47,20300,22.7,30.4,2.4,1.8,17.2
489360,2011,48,4700,22.3,28.5,2.4,2.2,81.2
489360,2011,49,15800,22.2,29.2,2.2,2.5,2.0
489360,2011,50,21300,22.8,30.3,2.4,2.1,-99.0
489360,2011,51,23500,22.9,31.1,2.3,2.0,1.4
489360,2011,52,12200,22.6,29.4,2.3,1.9,11.7
489360,2011,53,19900,22.7,29.9,2.3,2.1,-99.0
489360,2011,54,16200,22.5,29.8,2.4,2.0,2.5
489360,2011,55,19000,22.4,30.8,2.3,2.5,-99.0
489360,2011,56,23400,22.8,31.0,2.1,3.8,-99.0
489360,2011,57,19300,23.4,30.8,2.3,3.9,-99.0
489360,2011,58,17400,23.5,31.0,2.3,4.3,0.7
489360,2011,59,21400,22.9,31.4,2.3,3.1,-99.0
489360,2011,60,24600,23.1,31.0,2.4,2.2,-99.0
489360,2011,61,8300,22.9,29.5,2.4,2.3,15.8
489360,2011,62,8800,22.9,30.2,2.3,1.1,11.1
489360,2011,63,24400,23.3,31.7,2.2,2.4,-99.0
489360,2011,64,17700,23.6,31.5,2.4,2.6,-99.0
489360,2011,65,20800,23.1,30.7,2.3,1.5,2.0
489360,2011,66,22500,23.0,31.2,2.3,2.1,1.2
489360,2011,67,19100,23.5,31.7,2.4,2.0,-99.0
489360,2011,68,18700,23.5,30.8,2.5,1.8,-99.0
489360,2011,69,24200,23.5,31.8,2.4,2.8,-99.0
489360,2011,70,21000,24.3,31.8,2.6,2.7,15.3
489360,2011,71,12000,23.1,30.5,2.5,2.7,20.4
489360,2011,72,19700,22.9,31.0,2.4,2.0,-99.0
489360,2011,73,13500,23.3,31.1,2.4,2.0,2.5
489360,2011,74,11600,23.5,30.3,2.3,1.2,16.8
489360,2011,75,21200,23.2,30.7,2.4,1.7,15.4
489360,2011,76,20300,23.4,31.5,2.5,2.3,-99.0
489360,2011,77,21900,23.5,31.5,2.4,2.4,-99.0
489360,2011,78,12400,23.5,30.4,2.5,1.0,3.9
489360,2011,79,21200,23.3,30.7,2.5,1.4,17.3
489360,2011,80,11100,23.1,30.8,2.5,2.3,9.7
489360,2011,81,11800,23.1,29.3,2.4,3.3,105.2
489360,2011,82,9500,23.4,29.0,2.5,2.3,20.0
489360,2011,83,14900,23.5,29.9,2.5,2.7,9.0
489360,2011,84,8900,23.3,28.8,2.5,2.5,11.5
489360,2011,85,17200,23.1,30.4,2.5,2.6,-99.0
489360,2011,86,12200,23.6,29.8,2.6,2.2,9.2
489360,2011,87,18600,23.5,30.6,2.5,1.6,10.9
489360,2011,88,21500,23.7,31.2,2.5,1.2,12.7
489360,2011,89,16700,23.6,31.4,2.5,1.9,-99.0
489360,2011,90,20300,23.8,31.4,2.6,1.5,-99.0
489360,2011,91,17400,23.7,31.3,2.4,2.3,-99.0
489360,2011,92,17200,23.7,31.4,2.5,2.3,13.2
489360,2011,93,24000,24.1,31.9,2.5,2.6,-99.0
489360,2011,94,19400,23.3,31.0,2.4,1.4,-99.0
489360,2011,95,22400,23.2,31.1,2.4,1.7,-99.0
489360,2011,96,11500,23.4,29.7,2.4,1.5,-99.0
489360,2011,97,23100,23.6,31.3,2.3,1.5,-99.0
489360,2011,98,23400,23.9,31.7,2.4,1.8,-99.0
489360,2011,99,11800,22.9,29.8,2.4,1.4,55.9
489360,2011,100,22500,23.2,31.4,2.4,1.7,-99.0
489360,2011,101,24900,23.8,31.3,2.4,2.1,-99.0
489360,2011,102,20300,23.5,31.5,2.3,2.1,-99.0
489360,2011,103,15300,23.4,31.0,2.5,2.2,35.6
489360,2011,104,20700,23.7,31.5,2.5,1.7,23.2
489360,2011,105,24100,23.8,31.5,2.5,1.0,-99.0
489360,2011,106,17100,24.1,31.4,2.5,1.2,1.0
489360,2011,107,22400,23.5,31.3,2.5,1.3,-99.0
489360,2011,108,20500,23.6,31.6,2.5,1.8,-99.0
489360,2011,109,25100,23.5,31.9,2.4,3.1,-99.0
489360,2011,110,24400,23.8,31.7,2.4,2.2,-99.0
489360,2011,111,24800,23.9,32.0,2.3,1.8,-99.0
489360,2011,112,23900,23.9,32.2,2.4,1.6,-99.0
489360,2011,113,17400,23.9,31.3,2.5,1.3,-99.0
489360,2011,114,20700,23.9,32.0,2.5,1.5,3.8
489360,2011,115,23300,23.5,31.7,2.4,1.8,-99.0
489360,2011,116,14500,23.8,31.7,2.4,2.0,5.1
489360,2011,117,19300,24.1,31.7,2.6,1.6,2.6
489360,2011,118,23900,24.1,32.2,2.5,1.7,-99.0
489360,2011,119,18200,24.5,32.6,2.6,2.2,8.7
489360,2011,120,17800,24.3,31.9,2.6,1.6,-99.0
489360,2011,121,21500,24.2,32.2,2.6,1.2,-99.0
489360,2011,122,10600,24.1,31.2,2.7,1.3,26.8
489360,2011,123,8800,23.8,30.9,2.6,1.5,12.1
489360,2011,124,19300,23.7,30.6,2.5,1.6,1.5
489360,2011,125,22400,23.8,31.7,2.4,1.9,-99.0
489360,2011,126,22300,24.1,32.2,2.5,1.7,-99.0
489360,2011,127,21400,24.4,31.8,2.6,1.3,-99.0
489360,2011,128,6800,24.4,31.2,2.6,2.7,24.6
489360,2011,129,18400,24.2,32.9,2.6,3.0,11.4
489360,2011,130,7300,24.3,30.7,2.6,1.9,54.2
489360,2011,131,21500,24.0,31.9,2.5,2.3,1.5
489360,2011,132,23200,24.2,32.4,2.5,1.8,5.7
489360,2011,133,22400,23.4,31.9,2.3,1.3,-99.0
489360,2011,134,23700,23.7,32.6,2.4,1.8,1.9
489360,2011,135,23200,24.7,32.8,2.6,1.5,-99.0
489360,2011,136,22000,23.5,31.2,2.4,1.3,-99.0
489360,2011,137,23800,23.5,32.1,2.3,1.0,1.0
489360,2011,138,23100,24.0,32.0,2.4,1.0,3.3
489360,2011,139,22900,23.6,31.5,2.3,1.0,-99.0
489360,2011,140,22600,23.7,32.0,2.4,0.9,-99.0
489360,2011,141,23800,23.6,32.6,2.4,1.0,-99.0
489360,2011,142,20000,23.5,31.2,2.4,1.5,13.4
489360,2011,143,14800,23.9,30.9,2.5,2.4,5.1
489360,2011,144,15400,23.9,31.7,2.5,1.0,3.1
489360,2011,145,18900,24.1,31.4,2.6,1.7,3.3
489360,2011,146,18500,24.4,32.2,2.6,2.5,4.8
489360,2011,147,14400,24.0,31.9,2.6,3.1,-99.0
489360,2011,148,15400,23.8,30.8,2.5,3.3,-99.0
489360,2011,149,18000,23.8,31.4,2.5,2.1,-99.0
489360,2011,150,22600,23.8,31.6,2.5,1.1,-99.0
489360,2011,151,23400,24.0,32.7,2.5,1.5,6.4
489360,2011,152,18000,23.9,32.0,2.4,1.3,4.1
489360,2011,153,19400,23.9,32.1,2.4,2.0,-99.0
489360,2011,154,24200,24.3,32.5,2.4,2.1,0.3
489360,2011,155,24100,24.5,32.6,2.4,2.0,-99.0
489360,2011,156,22700,24.3,32.8,2.5,1.5,4.2
489360,2011,157,16200,24.1,31.5,2.5,1.0,-99.0
489360,2011,158,19400,23.6,30.7,2.5,1.0,3.7
489360,2011,159,20400,23.4,31.9,2.5,1.3,-99.0
489360,2011,160,19700,23.6,32.4,2.5,1.8,2.8
489360,2011,161,18700,23.3,32.0,2.4,1.0,0.7
489360,2011,162,14500,23.2,29.1,2.4,1.1,10.3
489360,2011,163,6000,23.6,30.6,2.5,1.5,26.5
489360,2011,164,16300,23.6,30.5,2.5,1.9,41.6
489360,2011,165,11700,23.8,31.2,2.5,1.9,3.7
489360,2011,166,8100,23.2,29.2,2.5,2.3,2.8
489360,2011,167,17200,23.4,31.1,2.4,2.2,-99.0
489360,2011,168,22000,23.5,31.5,2.5,3.1,-99.0
489360,2011,169,23100,23.4,32.3,2.5,3.2,0.8
489360,2011,170,17400,23.2,31.4,2.5,2.5,0.5
489360,2011,171,20700,23.6,32.5,2.5,2.4,-99.0
489360,2011,172,21400,23.7,32.7,2.4,2.8,-99.0
489360,2011,173,23100,23.7,33.1,2.5,2.8,2.5
489360,2011,174,10400,23.6,31.7,2.5,3.7,9.2
489360,2011,175,13600,23.9,32.0,2.5,3.9,6.3
489360,2011,176,22600,24.2,32.8,2.5,2.9,1.1
489360,2011,177,20800,24.0,33.0,2.5,2.5,0.6
489360,2011,178,21500,23.9,32.6,2.4,2.6,-99.0
489360,2011,179,20300,24.0,32.3,2.4,2.1,21.1
489360,2011,180,19800,23.9,31.4,2.5,2.1,6.0
489360,2011,181,8300,23.3,28.5,2.4,2.1,25.9
489360,2011,182,16300,23.1,30.5,2.3,1.1,5.9
489360,2011,183,14900,23.0,30.2,2.3,1.2,-99.0
489360,2011,184,21200,23.1,31.4,2.3,2.0,11.4
489360,2011,185,16400,23.3,30.3,2.6,2.8,-99.0
489360,2011,186,16700,23.2,30.9,2.5,3.1,-99.0
489360,2011,187,15300,23.2,31.9,2.5,3.3,5.2
489360,2011,188,21300,23.5,32.4,2.4,3.0,-99.0
489360,2011,189,15400,23.6,32.3,2.5,3.0,-99.0
489360,2011,190,21800,23.3,32.3,2.4,2.9,-99.0
489360,2011,191,21000,23.5,31.7,2.5,2.1,-99.0
489360,2011,192,20400,23.6,31.8,2.4,2.0,-99.0
489360,2011,193,21800,23.6,32.9,2.4,2.7,2.9
489360,2011,194,22500,23.7,32.1,2.4,1.8,-99.0
489360,2011,195,24000,23.3,32.7,2.3,1.2,-99.0
489360,2011,196,23300,23.5,33.0,2.4,1.7,-99.0
489360,2011,197,23500,23.4,32.6,2.3,1.1,-99.0
489360,2011,198,18300,23.5,32.2,2.4,2.2,-99.0
489360,2011,199,18500,23.5,32.8,2.4,2.5,-99.0
489360,2011,200,19200,23.5,31.8,2.3,2.7,-99.0
489360,2011,201,18600,23.2,32.2,2.3,1.7,-99.0
489360,2011,202,23200,22.9,31.6,2.3,2.2,5.2
489360,2011,203,8400,22.9,29.8,2.4,2.6,22.2
489360,2011,204,21900,23.2,32.1,2.4,1.9,-99.0
489360,2011,205,17800,23.6,32.0,2.5,1.8,-99.0
489360,2011,206,21100,24.1,32.4,2.5,1.4,1.9
489360,2011,207,23800,24.4,32.9,2.6,3.9,-99.0
489360,2011,208,18800,24.8,32.9,2.6,4.0,-99.0
489360,2011,209,22100,24.1,33.4,2.5,3.9,-99.0
489360,2011,210,23000,24.0,33.2,2.4,3.1,-99.0
489360,2011,211,23900,23.5,32.5,2.3,2.5,-99.0
489360,2011,212,23700,23.1,32.4,2.2,2.9,-99.0
489360,2011,213,22600,23.5,33.0,2.2,2.9,-99.0
489360,2011,214,22500,24.2,33.5,2.5,2.6,-99.0
489360,2011,215,21900,23.8,32.5,2.5,2.6,6.3
489360,2011,216,16900,23.7,32.0,2.5,3.0,1.8
489360,2011,217,12700,23.5,31.7,2.5,3.6,23.7
489360,2011,218,4700,23.6,29.7,2.6,3.5,113.3
489360,2011,219,19000,23.7,31.7,2.5,3.0,-99.0
489360,2011,220,24800,23.5,31.9,2.4,1.5,-99.0
489360,2011,221,22800,23.3,32.4,2.4,2.2,0.4
489360,2011,222,10500,22.9,31.5,2.4,2.4,12.8
489360,2011,223,24400,22.9,31.5,2.3,1.1,21.5
489360,2011,224,20300,22.7,31.0,2.3,1.3,3.7
489360,2011,225,15800,22.7,29.8,2.3,1.7,1.9
489360,2011,226,23500,23.1,32.1,2.3,2.7,-99.0
489360,2011,227,23900,22.8,32.4,2.2,1.6,-99.0
489360,2011,228,20900,23.2,32.1,2.3,0.9,-99.0
489360,2011,229,24600,23.3,31.6,2.4,1.5,-99.0
489360,2011,230,20400,23.4,31.2,2.4,2.5,3.4
489360,2011,231,16400,23.3,31.1,2.4,2.1,8.3
489360,2011,232,13700,23.2,30.7,2.4,2.3,2.7
489360,2011,233,20300,23.5,32.0,2.4,2.7,-99.0
489360,2011,234,18600,23.6,32.5,2.5,2.9,-99.0
489360,2011,235,23900,23.3,32.3,2.3,2.7,1.8
489360,2011,236,19200,23.6,31.7,2.4,2.7,-99.0
489360,2011,237,17400,24.0,31.8,2.5,3.2,6.3
489360,2011,238,21000,23.8,32.1,2.4,3.6,-99.0
489360,2011,239,18400,23.5,32.2,2.4,3.0,-99.0
489360,2011,240,24500,23.3,32.6,2.3,2.3,-99.0
489360,2011,241,22700,23.4,33.0,2.4,1.7,-99.0
489360,2011,242,23300,23.6,31.9,2.4,1.8,-99.0
489360,2011,243,7000,23.3,30.1,2.5,2.3,22.8
489360,2011,244,10800,23.1,31.1,2.4,1.8,-99.0
489360,2011,245,24500,23.3,32.0,2.4,2.2,0.6
489360,2011,246,25200,23.6,32.7,2.3,2.1,-99.0
489360,2011,247,23900,23.6,32.0,2.4,2.1,1.5
489360,2011,248,13400,23.1,31.1,2.3,2.7,1.1
489360,2011,249,24900,23.0,32.0,2.2,2.1,-99.0
489360,2011,250,22700,23.3,32.6,2.2,2.3,-99.0
489360,2011,251,21700,23.1,32.2,2.3,2.0,-99.0
489360,2011,252,9100,22.9,31.8,2.4,1.5,13.8
489360,2011,253,18900,23.3,30.7,2.4,2.0,-99.0
489360,2011,254,23000,23.6,32.6,2.4,2.5,-99.0
489360,2011,255,23400,23.2,32.1,2.3,1.1,-99.0
489360,2011,256,25200,23.7,31.7,2.3,1.8,-99.0
489360,2011,257,22200,23.8,32.9,2.4,3.1,-99.0
489360,2011,258,21000,23.7,32.6,2.4,2.7,0.0
489360,2011,259,19600,23.6,31.4,2.4,2.0,21.9
489360,2011,260,22200,23.5,31.7,2.4,1.7,-99.0
489360,2011,261,8900,23.8,31.1,2.3,2.3,18.2
489360,2011,262,18900,23.6,32.5,2.4,2.1,2.4
489360,2011,263,24000,23.5,32.2,2.3,1.4,0.1
489360,2011,264,25100,23.0,32.5,2.3,1.1,-99.0
489360,2011,265,21100,23.2,31.8,2.4,1.6,2.3
489360,2011,266,11400,23.3,30.8,2.4,2.0,0.7
489360,2011,267,21300,23.2,32.1,2.3,1.9,-99.0
489360,2011,268,20100,23.8,32.8,2.4,2.0,-99.0
489360,2011,269,16800,23.7,31.3,2.5,3.8,-99.0
489360,2011,270,20100,23.9,31.9,2.5,3.9,6.9
489360,2011,271,22700,23.5,32.6,2.4,2.6,-99.0
489360,2011,272,23200,23.4,33.1,2.3,2.1,-99.0
489360,2011,273,24600,23.0,32.7,2.3,1.4,-99.0
489360,2011,274,23800,23.2,31.9,2.2,2.0,-99.0
489360,2011,275,23400,23.4,32.6,2.4,3.2,-99.0
489360,2011,276,22000,23.4,32.7,2.4,2.9,1.3
489360,2011,277,15600,23.2,30.4,2.4,1.5,1.2
489360,2011,278,25200,23.2,32.0,2.3,1.2,3.7
489360,2011,279,23400,23.4,32.4,2.3,1.0,4.5
489360,2011,280,8500,23.9,31.3,2.6,1.8,50.0
489360,2011,281,10900,23.1,31.0,2.5,1.9,26.2
489360,2011,282,22800,23.4,32.4,2.5,1.7,1.8
489360,2011,283,23200,22.8,31.7,2.3,1.4,-99.0
489360,2011,284,15700,22.9,31.2,2.4,1.5,9.9
489360,2011,285,22700,23.2,31.4,2.4,1.3,0.7
489360,2011,286,20200,23.0,31.3,2.4,1.0,8.3
489360,2011,287,24500,23.1,32.2,2.3,1.7,-99.0
489360,2011,288,22700,22.9,32.2,2.3,2.2,13.8
489360,2011,289,23900,24.0,32.5,2.5,2.7,1.7
489360,2011,290,18600,23.9,32.3,2.5,2.0,14.4
489360,2011,291,12100,23.7,31.3,2.5,2.3,14.4
489360,2011,292,16800,23.1,32.0,2.3,2.4,1.5
489360,2011,293,15300,23.3,30.9,2.4,2.2,38.3
489360,2011,294,15700,22.9,31.1,2.3,1.4,-99.0
489360,2011,295,21800,22.9,32.5,2.2,1.1,-99.0
489360,2011,296,23000,23.5,32.5,2.4,1.5,6.8
489360,2011,297,21400,23.6,32.1,2.4,2.0,-99.0
489360,2011,298,21400,23.8,31.8,2.4,2.6,-99.0
489360,2011,299,21800,23.6,31.7,2.5,1.7,1.4
489360,2011,300,24000,23.6,32.7,2.4,1.9,-99.0
489360,2011,301,22800,23.9,32.8,2.3,1.8,-99.0
489360,2011,302,22000,24.2,32.9,2.4,1.7,-99.0
489360,2011,303,23000,23.8,32.6,2.4,2.2,0.7
489360,2011,304,21200,23.8,32.4,2.4,1.7,-99.0
489360,2011,305,19900,23.7,32.6,2.5,2.4,-99.0
489360,2011,306,13300,24.0,31.4,2.5,1.2,14.5
489360,2011,307,20600,23.7,32.7,2.5,1.4,10.8
489360,2011,308,18600,23.8,31.7,2.5,2.0,-99.0
489360,2011,309,15400,23.6,31.5,2.5,1.4,7.3
489360,2011,310,12300,23.2,30.7,2.5,1.0,1.3
489360,2011,311,9800,22.9,29.9,2.4,1.0,2.7
489360,2011,312,14100,23.0,32.0,2.2,0.9,-99.0
489360,2011,313,22700,23.1,31.6,2.2,1.0,-99.0
489360,2011,314,13700,23.3,31.7,2.3,1.1,-99.0
489360,2011,315,16500,23.2,31.5,2.4,1.1,17.2
489360,2011,316,22300,23.3,31.8,2.4,1.5,1.3
489360,2011,317,19100,23.4,31.7,2.4,1.9,6.0
489360,2011,318,16800,23.4,30.5,2.4,1.5,13.5
489360,2011,319,15200,23.5,31.9,2.5,1.4,2.4
489360,2011,320,14900,23.3,32.4,2.4,1.2,-99.0
489360,2011,321,20700,23.3,31.5,2.4,1.1,1.4
489360,2011,322,9800,23.5,31.2,2.5,2.0,1.4
489360,2011,323,18700,23.4,32.0,2.4,1.4,21.7
489360,2011,324,12400,24.3,32.0,2.6,2.2,4.3
489360,2011,325,21900,23.8,31.7,2.5,2.0,-99.0
489360,2011,326,14100,24.1,32.0,2.6,1.8,-99.0
489360,2011,327,15600,23.5,31.2,2.4,1.6,1.7
489360,2011,328,16800,23.5,32.0,2.3,1.5,6.1
489360,2011,329,18600,23.9,32.1,2.5,1.8,-99.0
489360,2011,330,22400,24.0,32.6,2.4,2.2,-99.0
489360,2011,331,21000,24.2,32.3,2.5,1.8,8.6
489360,2011,332,22300,24.5,32.4,2.6,1.8,0.2
489360,2011,333,21300,24.0,32.5,2.4,1.5,-99.0
489360,2011,334,8100,23.8,31.0,2.5,1.3,8.3
489360,2011,335,16200,23.6,31.9,2.3,1.2,4.2
489360,2011,336,21700,24.0,32.3,2.6,1.5,-99.0
489360,2011,337,15400,23.8,31.6,2.5,1.9,26.5
489360,2011,338,8200,23.7,29.8,2.5,1.9,3.6
489360,2011,339,10500,23.5,29.8,2.5,1.2,2.4
489360,2011,340,14400,23.5,31.8,2.5,2.3,31.8
489360,2011,341,6700,23.1,28.2,2.5,2.4,11.4
489360,2011,342,19900,23.1,30.9,2.5,1.6,3.6
489360,2011,343,13900,23.6,31.0,2.5,1.5,-99.0
489360,2011,344,20300,23.7,32.4,2.5,1.9,-99.0
489360,2011,345,21100,24.9,33.1,2.7,2.5,-99.0
489360,2011,346,21700,23.7,32.7,2.5,1.6,-99.0
489360,2011,347,18100,23.2,30.6,2.4,2.2,0.7
489360,2011,348,16400,23.3,31.6,2.4,2.2,2.8
489360,2011,349,19700,23.8,31.3,2.5,1.9,-99.0
489360,2011,350,17700,23.7,30.6,2.5,2.6,-99.0
489360,2011,351,16600,23.7,31.2,2.5,1.7,2.5
489360,2011,352,21400,24.1,32.8,2.5,1.6,-99.0
489360,2011,353,21700,24.0,32.5,2.4,2.2,-99.0
489360,2011,354,21900,24.2,32.1,2.6,1.9,-99.0
489360,2011,355,21700,24.6,32.6,2.5,1.0,-99.0
489360,2011,356,19100,24.4,31.8,2.5,1.5,0.3
489360,2011,357,20800,24.2,32.1,2.4,3.0,10.1
489360,2011,358,13700,23.9,31.0,2.6,2.3,9.0
489360,2011,359,9100,24.0,31.4,2.6,2.0,16.3
489360,2011,360,10000,24.0,30.2,2.6,1.3,10.1
489360,2011,361,7600,23.8,29.7,2.6,1.6,20.3
489360,2011,362,16100,23.8,30.1,2.5,1.5,1.8
489360,2011,363,11600,23.7,31.7,2.5,1.2,2.7
489360,2011,364,15000,23.9,31.2,2.5,1.7,-99.0
489360,2011,365,18100,24.3,31.2,2.7,3.4,0.1
