119.875, 5.125, 29.96, 0, 0
489360,2000,1,5100,23.7,29.3,2.6,3.1,50.1
489360,2000,2,15700,24.1,30.4,2.5,3.1,-99.0
489360,2000,3,20100,23.7,30.8,2.5,2.0,-99.0
489360,2000,4,17200,23.8,31.0,2.5,2.7,0.9
489360,2000,5,16300,24.0,30.7,2.6,2.5,1.5
489360,2000,6,18000,24.0,30.6,2.8,1.6,40.5
489360,2000,7,8000,23.6,29.7,2.5,2.7,0.6
489360,2000,8,14300,23.5,29.1,2.5,3.4,20.0
489360,2000,9,11500,23.7,29.9,2.5,3.4,1.5
489360,2000,10,18700,23.4,30.7,2.5,3.1,-99.0
489360,2000,11,20600,23.3,30.6,2.4,3.8,-99.0
489360,2000,12,17600,23.5,31.0,2.3,3.6,1.4
489360,2000,13,22000,23.5,31.4,2.3,3.7,-99.0
489360,2000,14,21400,23.6,31.6,2.5,2.5,0.0
489360,2000,15,22300,23.5,32.0,2.4,2.4,-99.0
489360,2000,16,22600,23.9,31.4,2.7,1.4,-99.0
489360,2000,17,16500,24.1,31.0,2.7,2.4,0.6
489360,2000,18,18600,23.5,30.4,2.5,2.5,-99.0
489360,2000,19,11500,23.1,30.5,2.6,2.7,4.0
489360,2000,20,19900,23.2,30.6,2.4,4.4,0.2
489360,2000,21,18500,23.3,29.9,2.3,3.4,20.5
489360,2000,22,8400,23.3,29.7,2.4,4.1,20.9
489360,2000,23,20400,23.4,30.8,2.4,4.1,-99.0
489360,2000,24,19000,23.2,31.1,2.3,4.8,-99.0
489360,2000,25,21000,23.8,30.9,2.3,5.1,1.5
489360,2000,26,21700,23.8,30.5,2.1,5.2,1.1
489360,2000,27,22000,24.0,30.6,2.4,5.6,-99.0
489360,2000,28,12900,23.9,29.6,2.5,5.7,3.0
489360,2000,29,14100,24.0,28.8,2.3,8.5,0.2
489360,2000,30,11700,23.7,29.1,2.3,7.2,49.1
489360,2000,31,9300,23.3,27.8,2.3,7.2,7.0
489360,2000,32,9500,23.6,29.4,2.4,4.8,15.8
489360,2000,33,10900,23.8,29.6,2.6,3.8,15.5
489360,2000,34,12700,23.9,29.4,2.6,1.8,12.3
489360,2000,35,20100,23.9,30.4,2.5,2.0,-99.0
489360,2000,36,14200,24.0,30.7,2.6,3.4,41.3
489360,2000,37,10800,23.5,30.7,2.5,3.3,3.2
489360,2000,38,16800,23.8,30.8,2.3,3.1,6.6
489360,2000,39,20300,23.9,31.1,2.5,2.1,0.6
489360,2000,40,18700,24.0,30.3,2.7,1.5,0.2
489360,2000,41,12200,23.7,30.2,2.7,1.6,12.4
489360,2000,42,22500,23.6,30.7,2.5,2.2,0.2
489360,2000,43,14500,23.3,30.4,2.6,2.3,0.0
489360,2000,44,24900,23.7,31.2,2.5,2.6,-99.0
489360,2000,45,22300,23.3,30.9,2.4,1.7,-99.0
489360,2000,46,15400,23.7,30.6,2.7,1.0,7.9
489360,2000,47,7500,23.5,30.5,2.6,2.0,30.3
489360,2000,48,19600,23.6,31.0,2.5,3.2,9.0
489360,2000,49,24200,23.7,31.1,2.6,2.2,-99.0
489360,2000,50,18900,23.6,30.3,2.5,1.7,-99.0
489360,2000,51,21300,23.5,30.3,2.6,1.1,10.8
489360,2000,52,20600,23.4,29.9,2.6,1.6,19.5
489360,2000,53,13400,23.2,30.4,2.5,1.2,2.5
489360,2000,54,20100,23.5,30.9,2.7,1.6,0.5
489360,2000,55,21100,23.7,31.4,2.7,2.3,-99.0
489360,2000,56,18400,23.6,30.2,2.5,4.0,7.7
489360,2000,57,5100,23.3,29.6,2.5,2.5,40.7
489360,2000,58,21600,23.5,30.9,2.5,3.4,-99.0
489360,2000,59,8600,24.0,29.8,2.4,3.2,20.6
489360,2000,60,14900,24.0,30.3,2.4,4.2,2.1
489360,2000,61,17200,23.8,29.8,2.3,3.8,-99.0
489360,2000,62,19600,23.3,30.0,2.2,4.1,0.3
489360,2000,63,19600,23.9,30.4,2.5,3.8,-99.0
489360,2000,64,24000,23.7,31.0,2.6,1.6,-99.0
489360,2000,65,18100,23.6,30.0,2.6,1.9,-99.0
489360,2000,66,16100,23.7,31.6,2.4,2.2,3.9
489360,2000,67,17800,23.6,31.5,2.5,3.3,-99.0
489360,2000,68,24700,23.7,31.4,2.5,1.9,-99.0
489360,2000,69,26200,24.1,32.1,2.6,2.5,0.9
489360,2000,70,24600,24.1,31.9,2.8,1.5,-99.0
489360,2000,71,20800,24.1,31.7,2.4,1.8,1.9
489360,2000,72,22900,23.7,31.6,2.3,2.6,4.6
489360,2000,73,20400,24.4,31.6,2.6,2.8,0.5
489360,2000,74,15000,23.7,30.1,2.6,2.1,7.8
489360,2000,75,11300,23.3,30.4,2.3,2.6,8.7
489360,2000,76,7100,23.7,30.0,2.5,3.8,23.6
489360,2000,77,24000,24.1,30.3,2.4,3.4,16.4
489360,2000,78,21900,23.7,30.8,2.5,2.4,-99.0
489360,2000,79,23200,23.7,31.3,2.5,3.8,-99.0
489360,2000,80,8200,23.3,30.1,2.4,2.3,55.1
489360,2000,81,25500,23.8,31.4,2.5,2.7,-99.0
489360,2000,82,22700,23.5,31.2,2.5,1.9,0.5
489360,2000,83,23300,23.4,31.3,2.4,2.2,-99.0
489360,2000,84,10200,23.4,31.0,2.3,2.6,26.1
489360,2000,85,23600,24.3,31.7,2.7,2.6,-99.0
489360,2000,86,25400,23.8,31.7,2.6,2.7,-99.0
489360,2000,87,14300,23.6,31.1,2.5,1.8,8.2
489360,2000,88,23700,23.9,31.1,2.5,1.8,-99.0
489360,2000,89,21800,24.0,31.2,2.7,1.2,-99.0
489360,2000,90,21900,23.8,31.5,2.6,1.5,-99.0
489360,2000,91,20400,24.0,30.9,2.6,1.8,-99.0
489360,2000,92,24800,23.8,31.1,2.5,1.8,-99.0
489360,2000,93,21800,24.3,30.8,2.5,1.6,-99.0
489360,2000,94,14200,24.1,30.7,2.6,1.5,8.0
489360,2000,95,19800,23.7,30.5,2.5,1.8,18.0
489360,2000,96,11400,23.4,30.5,2.5,1.8,0.5
489360,2000,97,24300,23.6,30.6,2.5,0.9,0.2
489360,2000,98,19500,23.8,31.2,2.4,2.6,-99.0
489360,2000,99,11400,24.0,31.0,2.6,2.9,8.0
489360,2000,100,22700,24.1,31.3,2.6,1.4,-99.0
489360,2000,101,21300,23.9,31.7,2.5,2.8,24.0
489360,2000,102,19600,24.2,31.7,2.7,3.1,3.4
489360,2000,103,9700,24.0,30.5,2.6,3.2,5.6
489360,2000,104,10900,23.3,30.9,2.4,2.5,10.8
489360,2000,105,11900,24.2,31.2,2.6,1.1,2.7
489360,2000,106,10700,24.2,31.5,2.6,2.0,20.8
489360,2000,107,23400,24.3,31.7,2.5,1.8,0.0
489360,2000,108,18500,23.9,31.6,2.6,2.2,1.1
489360,2000,109,16700,24.1,31.4,2.8,1.2,3.8
489360,2000,110,19400,23.7,30.7,2.5,1.9,15.2
489360,2000,111,13500,23.4,31.0,2.2,1.5,2.1
489360,2000,112,21800,24.2,31.3,2.4,2.4,-99.0
489360,2000,113,24200,23.8,31.9,2.4,1.5,1.1
489360,2000,114,23300,24.2,31.7,2.7,1.9,-99.0
489360,2000,115,22600,24.2,30.7,2.7,1.1,-99.0
489360,2000,116,20600,24.2,32.1,2.6,1.7,3.1
489360,2000,117,15300,24.3,32.4,2.6,2.0,15.0
489360,2000,118,24900,24.3,32.0,2.7,1.9,-99.0
489360,2000,119,16100,24.3,31.9,2.8,1.9,12.3
489360,2000,120,23500,24.6,31.5,2.7,1.7,-99.0
489360,2000,121,21500,24.7,32.4,2.8,1.5,0.9
489360,2000,122,23100,24.5,31.5,2.8,0.9,-99.0
489360,2000,123,24000,24.3,32.3,2.7,1.3,-99.0
489360,2000,124,18700,24.7,31.9,2.9,1.7,42.3
489360,2000,125,21500,24.2,31.6,2.7,1.5,0.8
489360,2000,126,19900,24.2,31.4,2.5,1.9,15.8
489360,2000,127,19100,24.2,32.3,2.6,1.7,14.9
489360,2000,128,20400,24.2,31.7,2.6,3.1,-99.0
489360,2000,129,17000,24.5,31.5,2.6,3.2,2.4
489360,2000,130,15600,24.6,32.5,2.6,3.3,2.4
489360,2000,131,13500,24.8,32.3,2.7,2.8,7.3
489360,2000,132,18300,24.8,32.7,2.8,1.4,2.5
489360,2000,133,24800,24.2,32.3,2.8,1.8,-99.0
489360,2000,134,24900,24.1,32.5,2.6,1.8,-99.0
489360,2000,135,23900,24.6,32.6,2.6,3.4,-99.0
489360,2000,136,24900,25.0,33.1,2.6,4.3,0.6
489360,2000,137,21300,24.5,33.3,2.6,3.9,-99.0
489360,2000,138,23500,24.7,33.6,2.7,3.3,0.5
489360,2000,139,17700,24.5,32.5,2.5,4.1,0.4
489360,2000,140,24200,24.4,33.4,2.5,3.4,-99.0
489360,2000,141,22500,23.9,31.8,2.5,4.6,-99.0
489360,2000,142,24600,24.0,32.8,2.6,2.6,-99.0
489360,2000,143,24400,24.7,32.9,2.7,1.9,2.4
489360,2000,144,22500,24.4,32.9,2.6,2.2,-99.0
489360,2000,145,22200,23.9,31.8,2.5,1.3,-99.0
489360,2000,146,23500,24.1,32.3,2.5,1.0,-99.0
489360,2000,147,24500,24.2,32.1,2.6,1.6,1.3
489360,2000,148,13000,24.3,32.2,2.5,1.7,12.2
489360,2000,149,10900,24.2,30.8,2.4,3.2,13.1
489360,2000,150,18700,23.9,31.5,2.3,3.0,10.3
489360,2000,151,15000,23.6,31.8,2.5,1.9,0.3
489360,2000,152,21100,24.0,32.0,2.6,1.8,-99.0
489360,2000,153,14300,23.7,31.0,2.7,1.9,1.2
489360,2000,154,7500,23.9,32.0,2.7,1.5,30.9
489360,2000,155,22600,23.9,31.5,2.6,2.2,-99.0
489360,2000,156,19000,24.1,31.3,2.6,2.2,2.3
489360,2000,157,18700,23.8,31.1,2.5,2.5,0.4
489360,2000,158,23800,24.0,32.2,2.5,2.9,1.7
489360,2000,159,24000,24.1,31.9,2.5,1.3,1.2
489360,2000,160,9600,23.6,31.1,2.7,0.9,24.1
489360,2000,161,21400,23.8,30.9,2.7,1.4,-99.0
489360,2000,162,23300,23.7,30.6,2.6,2.4,27.9
489360,2000,163,15300,23.4,30.8,2.4,1.6,2.3
489360,2000,164,21000,23.6,31.4,2.5,1.9,1.5
489360,2000,165,15300,23.3,31.1,2.6,2.4,5.5
489360,2000,166,21900,23.5,30.9,2.4,4.0,1.8
489360,2000,167,20600,23.6,31.8,2.5,4.4,-99.0
489360,2000,168,11100,23.6,31.0,2.6,2.6,2.6
489360,2000,169,14200,23.5,31.3,2.6,2.6,5.7
489360,2000,170,21600,23.8,31.2,2.6,2.0,2.6
489360,2000,171,22200,23.5,31.8,2.5,1.7,-99.0
489360,2000,172,18600,23.3,30.9,2.6,1.4,6.8
489360,2000,173,16000,23.2,30.5,2.6,2.0,15.3
489360,2000,174,16200,23.6,30.3,2.5,3.3,1.0
489360,2000,175,16300,23.2,30.7,2.5,1.6,13.2
489360,2000,176,19700,23.2,30.8,2.4,1.7,-99.0
489360,2000,177,21700,23.3,30.8,2.5,1.5,-99.0
489360,2000,178,20000,23.3,31.1,2.6,1.4,0.7
489360,2000,179,14700,23.2,30.2,2.5,2.2,18.8
489360,2000,180,10800,23.4,30.8,2.5,2.3,8.4
489360,2000,181,18600,23.5,31.2,2.4,5.6,8.5
489360,2000,182,17000,23.6,30.8,2.4,4.4,1.5
489360,2000,183,8800,23.7,30.7,2.5,3.6,8.9
489360,2000,184,24400,23.6,31.7,2.3,4.8,-99.0
489360,2000,185,23900,24.0,32.2,2.4,4.6,-99.0
489360,2000,186,20700,24.0,32.0,2.5,4.0,-99.0
489360,2000,187,14700,23.9,31.6,2.4,4.5,1.6
489360,2000,188,20900,23.7,30.6,2.3,5.8,1.9
489360,2000,189,22100,24.2,31.9,2.4,6.1,-99.0
489360,2000,190,25300,24.5,32.1,2.5,5.0,6.2
489360,2000,191,24700,24.3,32.5,2.4,5.8,7.9
489360,2000,192,13500,23.6,31.1,2.4,4.1,-99.0
489360,2000,193,15800,23.3,31.2,2.5,3.2,-99.0
489360,2000,194,23100,23.4,31.4,2.5,3.0,-99.0
489360,2000,195,22300,23.6,31.8,2.4,5.4,-99.0
489360,2000,196,23900,23.7,31.9,2.4,6.8,1.9
489360,2000,197,20600,24.2,32.3,2.5,7.2,9.8
489360,2000,198,24300,23.9,32.7,2.4,5.9,-99.0
489360,2000,199,24300,24.3,32.6,2.4,5.4,-99.0
489360,2000,200,24700,24.1,32.3,2.5,3.5,6.4
489360,2000,201,24900,23.7,32.4,2.4,4.4,1.9
489360,2000,202,24100,23.9,31.6,2.5,3.0,-99.0
489360,2000,203,21300,23.8,31.5,2.5,1.9,7.6
489360,2000,204,23900,23.7,31.6,2.6,2.4,-99.0
489360,2000,205,22700,23.9,31.8,2.6,3.8,-99.0
489360,2000,206,23200,23.7,32.4,2.4,5.4,-99.0
489360,2000,207,23600,23.4,31.0,2.5,2.1,3.6
489360,2000,208,18100,22.9,30.8,2.6,2.1,10.7
489360,2000,209,24400,23.0,31.3,2.5,2.1,-99.0
489360,2000,210,23700,23.4,31.1,2.5,1.9,-99.0
489360,2000,211,20400,23.5,31.6,2.5,1.8,21.2
489360,2000,212,17900,23.9,31.5,2.7,2.1,3.0
489360,2000,213,20800,23.7,32.1,2.5,4.1,-99.0
489360,2000,214,20700,23.4,31.6,2.4,3.4,-99.0
489360,2000,215,21500,23.3,31.3,2.5,2.0,23.5
489360,2000,216,21300,23.1,31.2,2.5,2.6,1.8
489360,2000,217,20600,23.1,30.4,2.5,2.3,8.1
489360,2000,218,22200,22.9,31.0,2.5,1.4,0.7
489360,2000,219,23800,23.4,31.4,2.6,1.0,-99.0
489360,2000,220,24700,23.4,32.0,2.4,2.0,-99.0
489360,2000,221,25000,23.5,32.1,2.4,2.3,-99.0
489360,2000,222,23200,23.8,31.9,2.5,1.3,3.6
489360,2000,223,24600,24.1,31.7,2.5,1.1,-99.0
489360,2000,224,24900,24.1,31.6,2.6,3.5,1.1
489360,2000,225,22700,24.1,31.5,2.5,3.3,0.0
489360,2000,226,15800,23.6,30.8,2.6,1.3,12.5
489360,2000,227,16100,23.6,31.2,2.7,1.1,1.6
489360,2000,228,18000,23.5,29.9,2.5,3.1,1.4
489360,2000,229,10300,23.2,29.9,2.3,4.5,5.0
489360,2000,230,11800,23.1,29.4,2.4,4.6,14.9
489360,2000,231,13200,23.2,30.2,2.3,3.9,3.3
489360,2000,232,21500,23.2,31.4,2.3,6.0,8.0
489360,2000,233,14800,24.0,31.7,2.4,7.4,13.4
489360,2000,234,20300,23.6,31.7,2.4,6.7,1.1
489360,2000,235,15100,23.9,31.7,2.5,5.9,2.6
489360,2000,236,11800,23.7,31.6,2.6,4.2,4.3
489360,2000,237,21700,24.4,32.2,2.7,2.8,-99.0
489360,2000,238,21700,23.8,31.4,2.6,3.7,0.5
489360,2000,239,21600,23.4,32.0,2.2,3.7,-99.0
489360,2000,240,24000,23.6,32.6,2.4,4.0,1.1
489360,2000,241,16300,23.6,32.4,2.4,5.2,6.2
489360,2000,242,13200,23.6,32.0,2.3,6.4,0.3
489360,2000,243,23100,23.5,32.8,2.3,6.2,-99.0
489360,2000,244,22100,23.5,32.5,2.5,4.1,-99.0
489360,2000,245,24200,23.6,32.1,2.5,3.1,-99.0
489360,2000,246,25100,23.5,31.5,2.6,2.9,-99.0
489360,2000,247,25200,23.4,33.3,2.4,3.9,1.0
489360,2000,248,25200,23.6,32.3,2.5,3.7,2.5
489360,2000,249,25000,23.2,31.6,2.1,4.3,-99.0
489360,2000,250,26400,23.5,32.3,2.2,5.3,1.4
489360,2000,251,26100,23.8,32.6,2.3,4.8,-99.0
489360,2000,252,26200,23.9,32.7,2.5,3.3,-99.0
489360,2000,253,22900,24.0,32.5,2.4,4.5,-99.0
489360,2000,254,21800,23.7,32.1,2.2,5.6,0.1
489360,2000,255,23100,23.6,32.1,2.3,4.6,0.9
489360,2000,256,20400,23.5,32.6,2.3,3.3,0.9
489360,2000,257,22500,24.0,32.4,2.4,3.1,1.4
489360,2000,258,24700,23.7,32.6,2.3,4.7,-99.0
489360,2000,259,22400,23.9,32.3,2.5,4.0,8.0
489360,2000,260,23700,24.2,31.9,2.7,3.2,-99.0
489360,2000,261,12000,24.1,31.5,2.7,1.9,39.5
489360,2000,262,14000,23.8,31.4,2.7,1.2,-99.0
489360,2000,263,16000,24.1,31.7,2.8,0.9,-99.0
489360,2000,264,8300,23.7,31.2,2.6,0.9,47.0
489360,2000,265,21400,23.5,31.5,2.4,3.3,2.6
489360,2000,266,23300,23.7,31.9,2.6,2.3,-99.0
489360,2000,267,22900,23.9,32.3,2.4,1.9,-99.0
489360,2000,268,24400,23.6,32.0,2.3,2.0,-99.0
489360,2000,269,23000,23.4,32.2,2.4,2.6,-99.0
489360,2000,270,23300,23.5,31.9,2.5,1.9,1.8
489360,2000,271,23000,23.6,32.1,2.5,2.5,-99.0
489360,2000,272,24200,23.7,32.0,2.6,2.1,-99.0
489360,2000,273,21300,23.8,31.8,2.5,1.7,-99.0
489360,2000,274,22800,23.6,31.5,2.6,1.6,-99.0
489360,2000,275,22900,23.5,31.4,2.5,2.8,6.3
489360,2000,276,24600,23.5,31.2,2.4,2.0,-99.0
489360,2000,277,16200,23.4,29.9,2.6,1.6,0.3
489360,2000,278,10300,23.2,30.5,2.6,2.0,24.3
489360,2000,279,15600,23.1,30.1,2.4,1.6,3.6
489360,2000,280,15500,23.1,30.4,2.5,2.4,-99.0
489360,2000,281,20900,23.3,31.2,2.4,2.0,-99.0
489360,2000,282,7400,23.3,30.7,2.5,3.7,22.8
489360,2000,283,16000,22.7,30.5,2.3,4.3,-99.0
489360,2000,284,15600,24.2,31.4,2.6,3.6,-99.0
489360,2000,285,16600,23.7,31.1,2.5,1.5,14.1
489360,2000,286,24300,23.4,32.3,2.3,2.0,-99.0
489360,2000,287,23600,23.9,31.8,2.5,3.8,1.0
489360,2000,288,23300,24.2,31.5,2.5,2.2,-99.0
489360,2000,289,11300,24.1,31.5,2.6,2.3,14.9
489360,2000,290,20200,23.6,30.7,2.2,4.2,81.8
489360,2000,291,8900,23.8,31.2,2.5,3.4,17.2
489360,2000,292,3300,23.8,31.4,2.5,3.0,58.1
489360,2000,293,19600,24.1,31.7,2.6,1.2,-99.0
489360,2000,294,12500,24.1,31.9,2.8,1.5,32.2
489360,2000,295,11600,24.5,31.2,2.7,3.1,2.3
489360,2000,296,6900,24.1,31.0,2.4,5.4,0.4
489360,2000,297,12600,23.7,30.8,2.2,4.4,7.6
489360,2000,298,15300,23.9,30.4,2.3,2.4,1.3
489360,2000,299,19900,23.4,30.5,2.5,1.6,0.1
489360,2000,300,13400,23.9,30.0,2.4,3.6,-99.0
489360,2000,301,11900,23.8,30.8,2.4,4.0,1.7
489360,2000,302,17100,24.1,31.4,2.5,4.7,12.9
489360,2000,303,20500,23.9,32.0,2.5,4.7,23.3
489360,2000,304,12900,24.2,32.2,2.7,2.7,-99.0
489360,2000,305,19000,23.9,31.8,2.5,2.4,41.0
489360,2000,306,11900,23.9,31.5,2.6,1.4,-99.0
489360,2000,307,13700,24.4,31.1,2.7,1.4,40.5
489360,2000,308,14300,24.1,30.7,2.7,2.4,-99.0
489360,2000,309,15700,24.0,31.6,2.7,1.6,5.2
489360,2000,310,23100,23.8,30.9,2.4,2.2,-99.0
489360,2000,311,21400,23.8,31.5,2.4,1.5,-99.0
489360,2000,312,23200,24.0,31.4,2.6,1.6,2.7
489360,2000,313,18400,24.1,30.9,2.7,1.4,-99.0
489360,2000,314,19700,24.1,31.4,2.6,1.7,-99.0
489360,2000,315,23100,24.1,31.1,2.5,2.2,-99.0
489360,2000,316,19700,24.1,31.1,2.7,1.7,0.8
489360,2000,317,19600,24.3,31.4,2.7,1.9,-99.0
489360,2000,318,23000,24.6,31.6,2.7,2.2,-99.0
489360,2000,319,23300,24.2,31.7,2.4,3.6,-99.0
489360,2000,320,23200,24.2,31.8,2.5,3.2,0.0
489360,2000,321,15400,24.1,31.8,2.5,2.7,0.5
489360,2000,322,14400,24.1,31.2,2.6,2.3,6.4
489360,2000,323,20600,24.4,31.5,2.7,2.7,-99.0
489360,2000,324,22200,23.9,31.5,2.5,2.2,-99.0
489360,2000,325,16500,24.2,31.5,2.7,0.8,5.1
489360,2000,326,12800,24.3,31.2,2.7,1.4,8.1
489360,2000,327,19400,24.0,31.2,2.5,3.1,8.0
489360,2000,328,21800,23.9,30.8,2.6,1.8,-99.0
489360,2000,329,9900,23.5,30.0,2.6,3.3,41.8
489360,2000,330,16100,23.6,30.6,2.6,2.4,-99.0
489360,2000,331,16300,23.6,31.5,2.5,0.8,-99.0
489360,2000,332,11500,23.5,30.8,2.6,1.0,0.5
489360,2000,333,12600,23.5,30.8,2.5,1.3,1.5
489360,2000,334,19800,23.8,30.8,2.6,1.0,-99.0
489360,2000,335,10900,24.2,31.3,2.5,3.6,8.1
489360,2000,336,20200,24.1,31.7,2.4,5.4,-99.0
489360,2000,337,22700,23.8,32.0,2.4,4.5,4.0
489360,2000,338,15100,24.0,31.6,2.4,3.3,-99.0
489360,2000,339,20700,24.0,32.8,2.5,1.3,-99.0
489360,2000,340,20900,24.2,31.3,2.7,1.2,0.5
489360,2000,341,18800,24.3,30.9,2.7,2.9,-99.0
489360,2000,342,16600,23.9,31.2,2.2,5.4,0.8
489360,2000,343,23700,24.1,31.5,2.2,5.9,0.9
489360,2000,344,23700,24.0,32.0,2.4,4.0,-99.0
489360,2000,345,21800,24.1,31.7,2.7,1.4,-99.0
489360,2000,346,19900,24.3,31.0,2.6,2.2,-99.0
489360,2000,347,19900,24.3,31.6,2.8,1.1,6.4
489360,2000,348,19300,23.7,31.0,2.8,1.0,-99.0
489360,2000,349,21300,23.9,31.0,2.8,1.1,-99.0
489360,2000,350,15800,23.9,30.9,2.5,1.7,-99.0
489360,2000,351,17100,23.6,30.3,2.6,1.8,7.0
489360,2000,352,14900,23.8,30.6,2.8,1.4,17.9
489360,2000,353,21800,24.2,31.2,2.8,1.1,8.2
489360,2000,354,20900,23.9,31.3,2.6,2.0,-99.0
489360,2000,355,22100,24.5,31.2,2.4,4.0,-99.0
489360,2000,356,20700,23.7,30.7,2.4,2.8,-99.0
489360,2000,357,19600,23.9,31.3,2.6,1.3,-99.0
489360,2000,358,20900,23.6,31.0,2.7,1.7,-99.0
489360,2000,359,14200,23.6,31.0,2.7,1.6,-99.0
489360,2000,360,17900,23.1,30.8,2.6,1.3,-99.0
489360,2000,361,10800,23.6,30.5,2.6,1.3,14.0
489360,2000,362,9100,23.7,30.2,2.6,1.8,13.3
489360,2000,363,17500,23.9,30.5,2.6,2.9,1.7
489360,2000,364,14100,23.6,30.7,2.4,4.2,2.8
489360,2000,365,15200,23.8,30.0,2.4,4.3,-99.0
489360,2000,366,17400,23.3,29.7,2.3,5.4,10.0
