119.875, 5.125, 29.96, 0, 0
489360,2006,1,21000,23.5,31.9,2.6,1.9,5.3
489360,2006,2,20300,23.0,30.7,2.4,2.2,0.0
489360,2006,3,20500,23.3,30.4,2.6,1.3,7.9
489360,2006,4,21200,22.9,30.8,2.5,1.9,0.0
489360,2006,5,9200,23.0,29.6,2.6,2.2,22.3
489360,2006,6,11100,23.5,29.7,2.5,3.4,0.0
489360,2006,7,10600,23.3,30.0,2.4,3.4,2.2
489360,2006,8,15600,23.4,29.3,2.4,4.7,31.0
489360,2006,9,21100,23.3,31.1,2.5,3.2,0.0
489360,2006,10,19300,23.7,31.1,2.7,1.1,0.0
489360,2006,11,16600,23.9,31.3,2.6,1.4,0.0
489360,2006,12,23000,24.0,31.5,2.7,2.5,0.0
489360,2006,13,11800,23.7,30.4,2.6,1.8,37.9
489360,2006,14,21400,23.7,30.9,2.4,2.4,0.0
489360,2006,15,20300,23.4,31.2,2.5,4.0,0.0
489360,2006,16,17100,23.9,30.9,2.5,2.9,3.0
489360,2006,17,20100,24.5,32.0,2.8,2.2,0.0
489360,2006,18,15600,23.6,31.2,2.7,1.7,8.1
489360,2006,19,19200,23.7,30.4,2.7,1.2,0.0
489360,2006,20,12100,23.3,30.3,2.5,2.4,13.4
489360,2006,21,20300,23.4,29.8,2.3,4.1,0.4
489360,2006,22,24300,23.1,31.3,2.0,6.0,0.0
489360,2006,23,24700,23.2,31.4,2.1,5.8,3.4
489360,2006,24,23400,23.8,31.2,2.2,5.9,0.0
489360,2006,25,23100,23.6,31.0,2.4,3.1,0.0
489360,2006,26,21300,23.6,30.7,2.3,3.1,0.0
489360,2006,27,21200,23.7,31.2,2.3,3.7,0.0
489360,2006,28,23600,23.6,31.0,2.3,3.0,0.0
489360,2006,29,22500,24.7,30.8,2.5,2.8,0.0
489360,2006,30,14300,23.9,31.1,2.5,2.4,8.2
489360,2006,31,22400,23.6,31.6,2.5,2.6,0.0
489360,2006,32,23000,24.1,31.8,2.5,2.6,0.0
489360,2006,33,22700,24.1,31.6,2.4,2.6,0.0
489360,2006,34,19700,24.1,31.8,2.5,3.8,0.0
489360,2006,35,4900,23.9,29.4,2.6,2.6,9.1
489360,2006,36,17000,23.7,31.0,2.5,4.3,0.0
489360,2006,37,13000,23.6,30.7,2.6,1.7,28.0
489360,2006,38,16300,23.6,29.9,2.5,2.0,26.4
489360,2006,39,11600,23.6,30.4,2.6,1.7,20.8
489360,2006,40,19200,23.7,30.8,2.5,4.0,3.9
489360,2006,41,9800,23.7,30.6,2.6,2.6,38.6
489360,2006,42,14700,23.5,30.5,2.6,3.1,0.0
489360,2006,43,12400,23.1,30.0,2.5,3.1,35.4
489360,2006,44,6400,23.4,30.0,2.5,2.0,40.0
489360,2006,45,15400,23.6,31.6,2.6,2.3,3.9
489360,2006,46,22900,24.0,31.7,2.6,2.8,0.0
489360,2006,47,21400,24.1,31.3,2.7,3.0,0.0
489360,2006,48,9900,23.8,30.9,2.6,3.2,9.4
489360,2006,49,19200,23.8,29.8,2.7,2.1,9.3
489360,2006,50,17800,23.4,29.7,2.5,2.9,0.0
489360,2006,51,17700,23.5,30.0,2.4,2.1,0.0
489360,2006,52,18700,23.8,30.9,2.5,2.6,0.0
489360,2006,53,22800,24.1,31.4,2.7,2.8,0.0
489360,2006,54,20500,24.2,31.5,2.6,2.5,0.0
489360,2006,55,23300,24.1,32.1,2.6,3.1,0.0
489360,2006,56,22300,24.1,31.7,2.4,2.7,0.0
489360,2006,57,13900,23.9,31.5,2.4,3.2,11.2
489360,2006,58,23600,23.9,31.5,2.4,2.7,0.0
489360,2006,59,20600,23.8,31.4,2.5,1.9,1.1
489360,2006,60,23900,23.9,31.6,2.4,2.1,0.0
489360,2006,61,18500,23.4,30.8,2.2,3.1,3.8
489360,2006,62,26100,23.5,31.4,2.1,4.7,2.3
489360,2006,63,27400,23.8,31.7,2.2,3.5,0.0
489360,2006,64,27100,23.7,31.7,2.2,3.3,0.0
489360,2006,65,20200,23.5,32.4,2.2,3.7,1.8
489360,2006,66,19600,23.5,30.8,2.3,2.4,0.0
489360,2006,67,12800,23.6,29.6,2.5,3.4,3.7
489360,2006,68,18900,23.0,31.2,2.3,4.1,0.0
489360,2006,69,21200,23.3,31.4,2.2,2.7,24.1
489360,2006,70,24400,23.3,31.7,2.4,2.9,0.0
489360,2006,71,20900,23.6,32.0,2.4,3.3,12.7
489360,2006,72,23600,23.9,31.9,2.6,1.5,0.0
489360,2006,73,16100,23.4,31.0,2.6,0.7,0.0
489360,2006,74,22100,23.2,30.7,2.3,1.9,0.0
489360,2006,75,16300,23.6,30.3,2.5,2.9,10.9
489360,2006,76,21600,23.8,31.8,2.5,1.7,0.0
489360,2006,77,13300,23.9,31.2,2.5,3.3,54.8
489360,2006,78,21600,23.9,31.4,2.5,3.2,0.0
489360,2006,79,25500,24.3,31.8,2.7,3.5,0.0
489360,2006,80,25600,23.8,31.9,2.5,2.5,0.0
489360,2006,81,23400,24.2,31.7,2.5,3.1,0.8
489360,2006,82,24300,24.3,32.2,2.6,3.3,-99.0
489360,2006,83,22100,24.4,32.1,2.6,2.2,0.0
489360,2006,84,11100,24.2,31.2,2.7,1.4,22.2
489360,2006,85,6100,24.0,30.5,2.5,2.1,21.2
489360,2006,86,24000,24.0,31.9,2.5,2.1,-99.0
489360,2006,87,25100,23.7,31.6,2.3,2.0,2.2
489360,2006,88,9200,23.6,30.8,2.2,2.0,25.7
489360,2006,89,20800,23.5,31.2,2.2,1.7,-99.0
489360,2006,90,15600,23.2,31.5,2.5,2.0,1.8
489360,2006,91,24900,23.5,32.2,2.3,2.7,1.7
489360,2006,92,23200,23.4,31.4,2.4,1.4,-99.0
489360,2006,93,24300,23.6,31.6,2.4,1.6,-99.0
489360,2006,94,24300,23.6,32.1,2.2,2.0,0.9
489360,2006,95,22500,24.1,31.4,2.4,2.1,-99.0
489360,2006,96,26300,24.2,32.6,2.4,2.6,-99.0
489360,2006,97,24000,24.1,32.6,2.5,2.6,-99.0
489360,2006,98,25500,24.0,32.5,2.5,2.5,1.6
489360,2006,99,17300,23.7,31.7,2.6,1.5,3.0
489360,2006,100,26100,23.7,32.3,2.3,1.8,0.7
489360,2006,101,26400,23.9,32.1,2.2,3.4,-99.0
489360,2006,102,18400,24.2,32.5,2.6,1.4,-99.0
489360,2006,103,9000,23.6,32.1,2.5,1.4,36.1
489360,2006,104,24300,23.4,32.0,2.4,1.3,0.6
489360,2006,105,25000,23.8,32.0,2.4,1.4,-99.0
489360,2006,106,25400,23.7,31.8,2.4,1.8,-99.0
489360,2006,107,17200,23.8,32.2,2.4,1.3,1.1
489360,2006,108,23200,23.6,32.0,2.3,1.8,2.4
489360,2006,109,11800,23.9,32.0,2.3,2.3,-99.0
489360,2006,110,22200,24.2,32.0,2.4,3.2,-99.0
489360,2006,111,21200,23.9,31.9,2.2,2.2,6.7
489360,2006,112,21700,24.1,32.2,2.5,1.4,3.0
489360,2006,113,17500,24.0,31.8,2.6,1.3,7.8
489360,2006,114,17600,24.0,31.7,2.3,2.1,-99.0
489360,2006,115,20100,23.8,31.1,2.3,1.8,9.2
489360,2006,116,21800,23.9,31.8,2.4,1.0,40.3
489360,2006,117,14000,24.1,31.1,2.3,2.3,-99.0
489360,2006,118,18800,23.6,31.3,2.0,1.0,16.3
489360,2006,119,20400,23.7,31.8,2.2,2.0,-99.0
489360,2006,120,23200,24.2,31.7,2.3,1.7,2.2
489360,2006,121,21200,23.8,32.0,2.3,1.2,-99.0
489360,2006,122,26100,24.0,32.7,2.2,1.6,-99.0
489360,2006,123,25100,24.1,32.3,2.2,1.4,-99.0
489360,2006,124,22600,24.2,32.5,2.5,1.2,29.1
489360,2006,125,24300,24.2,32.5,2.6,1.9,2.7
489360,2006,126,25400,23.8,32.5,2.4,1.2,-99.0
489360,2006,127,23100,23.9,32.3,2.2,2.1,-99.0
489360,2006,128,25100,23.8,32.3,2.3,1.6,-99.0
489360,2006,129,24400,24.3,32.8,2.4,1.7,4.7
489360,2006,130,22100,24.1,32.6,2.6,1.8,1.2
489360,2006,131,23000,24.3,32.8,2.4,2.0,-99.0
489360,2006,132,21000,24.4,32.6,2.2,2.7,8.9
489360,2006,133,15400,24.1,32.1,2.3,4.3,13.8
489360,2006,134,13500,23.9,32.2,2.3,4.5,48.0
489360,2006,135,13400,24.0,32.2,2.5,5.1,-99.0
489360,2006,136,20100,24.1,33.0,2.5,4.0,-99.0
489360,2006,137,21300,23.8,32.0,2.5,2.1,-99.0
489360,2006,138,25500,24.0,33.0,2.4,2.9,-99.0
489360,2006,139,25000,23.9,31.9,2.1,1.4,-99.0
489360,2006,140,24900,24.0,32.8,2.2,2.0,-99.0
489360,2006,141,24600,23.8,32.5,2.3,2.2,-99.0
489360,2006,142,24100,23.9,32.2,2.5,1.5,1.3
489360,2006,143,21300,23.7,31.7,2.4,1.0,25.4
489360,2006,144,9100,23.4,30.5,2.3,1.7,23.6
489360,2006,145,15600,23.6,30.7,2.1,2.6,6.1
489360,2006,146,22000,23.6,32.8,2.1,3.0,-99.0
489360,2006,147,24100,23.7,32.5,2.2,3.0,-99.0
489360,2006,148,24200,23.6,31.6,2.2,1.5,-99.0
489360,2006,149,22900,24.1,31.5,2.3,1.9,-99.0
489360,2006,150,23000,23.8,32.1,2.3,2.3,-99.0
489360,2006,151,23600,23.4,31.5,2.3,1.8,-99.0
489360,2006,152,21300,23.6,30.9,2.5,1.6,-99.0
489360,2006,153,16900,23.7,31.4,2.2,2.7,2.1
489360,2006,154,17300,23.5,31.1,2.2,3.3,0.8
489360,2006,155,6400,23.2,30.9,2.1,3.0,13.7
489360,2006,156,25400,23.4,32.5,2.3,2.0,-99.0
489360,2006,157,23300,24.0,31.9,2.3,2.7,2.8
489360,2006,158,23700,23.8,31.8,2.4,3.3,-99.0
489360,2006,159,22600,23.8,32.7,2.6,1.8,5.9
489360,2006,160,24100,23.6,31.8,2.4,2.3,-99.0
489360,2006,161,12400,23.4,30.8,2.2,1.4,20.1
489360,2006,162,21100,23.3,30.7,2.1,1.5,-99.0
489360,2006,163,21000,23.5,31.3,2.2,2.0,6.6
489360,2006,164,11500,23.4,29.8,2.2,2.6,17.3
489360,2006,165,23900,23.9,31.8,2.3,2.5,-99.0
489360,2006,166,18800,23.6,30.2,2.2,1.6,9.7
489360,2006,167,17800,23.2,31.6,2.1,1.4,14.3
489360,2006,168,22500,23.4,31.6,2.2,1.6,1.6
489360,2006,169,20100,23.5,31.5,2.3,1.9,-99.0
489360,2006,170,20100,23.8,31.1,2.2,2.4,2.1
489360,2006,171,23900,24.0,31.6,2.3,2.8,-99.0
489360,2006,172,22600,24.0,32.6,2.4,1.4,0.2
489360,2006,173,23900,23.7,32.2,2.2,2.3,2.9
489360,2006,174,21500,23.9,32.3,2.4,1.2,-99.0
489360,2006,175,23800,24.4,31.2,2.3,1.5,-99.0
489360,2006,176,22200,23.8,31.2,2.2,2.5,0.3
489360,2006,177,14600,23.7,30.8,2.2,3.2,4.6
489360,2006,178,6000,23.4,30.5,2.1,3.2,21.6
489360,2006,179,22900,23.5,31.9,2.0,3.9,-99.0
489360,2006,180,16200,23.7,31.8,2.1,5.0,10.0
489360,2006,181,6300,23.3,28.2,2.1,4.9,9.5
489360,2006,182,21500,23.2,31.7,2.1,4.9,-99.0
489360,2006,183,18200,23.6,31.8,2.2,3.9,-99.0
489360,2006,184,23400,23.5,31.5,2.1,3.0,-99.0
489360,2006,185,25200,23.5,32.4,2.1,3.0,-99.0
489360,2006,186,25300,24.3,32.6,2.3,4.3,-99.0
489360,2006,187,17100,24.5,32.5,2.3,3.2,0.4
489360,2006,188,9700,24.7,31.4,2.3,4.1,29.4
489360,2006,189,23500,24.1,32.6,2.4,5.7,-99.0
489360,2006,190,19000,24.2,32.4,2.4,5.1,8.7
489360,2006,191,22900,24.6,32.5,2.5,5.2,-99.0
489360,2006,192,9700,24.3,32.1,2.5,5.5,85.5
489360,2006,193,18200,24.3,31.5,2.6,6.0,-99.0
489360,2006,194,19000,24.4,31.6,2.4,5.8,-99.0
489360,2006,195,22500,23.8,32.3,2.3,3.9,-99.0
489360,2006,196,20200,23.9,32.4,2.5,3.4,4.4
489360,2006,197,17000,24.1,31.7,2.6,3.8,1.1
489360,2006,198,20400,23.8,32.6,2.5,3.7,-99.0
489360,2006,199,21000,23.5,32.1,2.4,2.3,0.7
489360,2006,200,24700,23.3,32.2,2.4,3.8,7.0
489360,2006,201,19000,23.9,31.5,2.5,4.7,19.8
489360,2006,202,14800,23.5,31.6,2.4,5.1,-99.0
489360,2006,203,16100,23.4,32.0,2.4,3.7,0.2
489360,2006,204,20400,24.0,32.0,2.3,5.4,-99.0
489360,2006,205,18600,23.2,32.0,2.2,4.7,-99.0
489360,2006,206,25200,23.1,32.6,2.1,3.5,-99.0
489360,2006,207,23500,23.5,32.4,2.2,3.5,-99.0
489360,2006,208,24300,23.5,32.6,2.2,2.6,-99.0
489360,2006,209,23700,23.4,31.7,2.3,4.6,-99.0
489360,2006,210,23100,23.2,32.2,2.2,5.5,-99.0
489360,2006,211,12400,22.9,30.8,2.1,3.6,-99.0
489360,2006,212,22000,23.0,31.1,2.2,3.1,1.3
489360,2006,213,18700,23.4,31.3,2.3,2.6,5.9
489360,2006,214,22900,23.0,31.7,2.0,3.6,5.5
489360,2006,215,21800,23.2,31.7,2.0,5.6,-99.0
489360,2006,216,18300,23.0,31.5,2.0,4.2,-99.0
489360,2006,217,19100,23.2,31.1,2.1,4.3,4.4
489360,2006,218,17400,23.8,31.6,2.4,3.0,-99.0
489360,2006,219,14100,23.1,31.1,2.2,6.5,2.7
489360,2006,220,15500,23.4,30.7,2.2,7.7,11.7
489360,2006,221,18000,23.4,30.1,2.2,7.7,-99.0
489360,2006,222,20200,23.4,30.4,2.2,8.5,-99.0
489360,2006,223,18900,23.6,31.1,2.0,8.5,-99.0
489360,2006,224,18700,24.1,31.1,2.2,8.2,-99.0
489360,2006,225,23000,24.6,31.9,2.3,7.4,-99.0
489360,2006,226,22100,24.5,32.1,2.4,5.8,-99.0
489360,2006,227,23600,23.8,32.2,2.3,5.5,-99.0
489360,2006,228,25600,23.2,32.5,2.2,5.0,-99.0
489360,2006,229,26000,23.9,32.8,2.2,4.3,-99.0
489360,2006,230,23500,24.0,32.3,2.3,4.0,-99.0
489360,2006,231,25800,23.5,32.5,2.3,2.5,-99.0
489360,2006,232,23200,23.7,31.8,2.2,3.6,2.6
489360,2006,233,26400,23.8,32.4,2.1,4.8,-99.0
489360,2006,234,25700,23.7,32.5,2.1,6.0,-99.0
489360,2006,235,16400,23.9,31.7,2.3,4.5,-99.0
489360,2006,236,25200,23.5,32.3,2.2,2.9,-99.0
489360,2006,237,25300,23.3,32.3,2.2,2.8,0.1
489360,2006,238,20500,23.6,31.4,2.3,1.7,-99.0
489360,2006,239,18100,23.1,31.3,2.0,2.7,39.7
489360,2006,240,22600,23.2,31.6,2.0,2.5,3.2
489360,2006,241,21000,23.6,31.7,2.1,2.9,-99.0
489360,2006,242,24300,23.6,31.7,2.1,3.0,1.9
489360,2006,243,25500,23.3,31.5,1.9,3.5,-99.0
489360,2006,244,22800,23.1,31.0,2.0,2.9,-99.0
489360,2006,245,23500,23.1,31.1,2.0,2.1,4.3
489360,2006,246,23300,23.2,31.7,2.0,3.1,15.4
489360,2006,247,21200,23.1,31.9,2.0,4.0,45.6
489360,2006,248,19600,22.9,31.1,2.0,3.2,-99.0
489360,2006,249,26400,23.4,31.9,2.3,2.7,-99.0
489360,2006,250,26200,23.8,32.1,2.3,2.7,0.9
489360,2006,251,24600,23.7,32.3,2.2,1.9,-99.0
489360,2006,252,26600,23.6,32.2,2.2,2.2,-99.0
489360,2006,253,26400,23.5,31.9,2.1,2.3,-99.0
489360,2006,254,25600,23.5,32.7,2.1,2.4,-99.0
489360,2006,255,25800,23.7,32.1,2.2,5.1,-99.0
489360,2006,256,23300,24.0,31.9,2.4,2.3,4.8
489360,2006,257,22400,23.3,31.4,2.2,1.7,-99.0
489360,2006,258,15100,23.2,31.1,2.2,2.3,20.4
489360,2006,259,26500,23.6,31.9,2.1,2.0,-99.0
489360,2006,260,25600,23.6,31.3,2.1,2.5,4.0
489360,2006,261,18400,23.4,30.7,2.0,3.5,16.8
489360,2006,262,9600,23.0,29.8,2.4,2.1,29.9
489360,2006,263,22000,23.1,30.8,2.0,2.0,-99.0
489360,2006,264,16600,23.4,30.8,2.1,3.5,1.7
489360,2006,265,22800,23.4,31.6,2.0,5.4,-99.0
489360,2006,266,21800,23.4,31.5,2.1,4.3,-99.0
489360,2006,267,13500,23.3,30.7,2.0,4.8,0.1
489360,2006,268,20100,23.3,31.0,2.1,2.9,1.7
489360,2006,269,10600,23.5,30.3,2.1,3.5,-99.0
489360,2006,270,12800,23.7,31.1,2.3,3.4,0.1
489360,2006,271,20800,23.3,31.6,2.1,4.7,-99.0
489360,2006,272,12400,24.0,31.4,2.3,5.4,93.3
489360,2006,273,23400,23.9,32.6,2.3,5.0,-99.0
489360,2006,274,19600,23.1,31.4,2.3,3.6,150.8
489360,2006,275,8100,22.8,29.6,2.1,3.2,4.3
489360,2006,276,17200,23.5,31.3,2.2,4.1,3.8
489360,2006,277,4200,23.6,29.6,2.2,4.8,22.8
489360,2006,278,11200,23.3,31.1,2.0,5.0,-99.0
489360,2006,279,20500,23.4,30.7,2.0,4.2,39.4
489360,2006,280,18700,23.4,31.1,2.0,4.8,6.1
489360,2006,281,12700,23.4,30.9,2.0,3.7,10.8
489360,2006,282,18600,23.3,30.9,2.0,2.4,3.2
489360,2006,283,12200,23.2,30.0,2.3,1.8,-99.0
489360,2006,284,16100,23.4,29.7,2.2,2.0,3.7
489360,2006,285,18300,23.1,31.1,2.3,3.8,-99.0
489360,2006,286,24200,23.3,31.2,2.2,2.4,-99.0
489360,2006,287,22100,23.9,31.7,2.3,2.2,-99.0
489360,2006,288,20600,23.5,31.9,2.4,2.6,-99.0
489360,2006,289,22200,24.0,31.6,2.3,1.4,-99.0
489360,2006,290,23400,23.9,31.3,2.4,1.0,-99.0
489360,2006,291,24600,23.7,31.4,2.5,1.1,-99.0
489360,2006,292,24600,23.9,31.9,2.4,1.8,-99.0
489360,2006,293,25000,23.8,31.6,2.4,2.1,-99.0
489360,2006,294,24900,24.1,31.8,2.4,2.3,0.4
489360,2006,295,25800,23.5,32.1,2.4,1.7,-99.0
489360,2006,296,26000,23.5,31.9,2.3,1.5,-99.0
489360,2006,297,25500,23.6,31.9,2.3,1.7,-99.0
489360,2006,298,24600,23.5,32.4,2.2,1.4,-99.0
489360,2006,299,24500,23.5,32.2,2.1,1.8,-99.0
489360,2006,300,24000,24.0,32.0,2.1,2.5,2.9
489360,2006,301,21700,23.9,32.0,2.2,1.8,-99.0
489360,2006,302,21200,23.9,32.5,2.4,2.2,-99.0
489360,2006,303,21000,23.9,32.7,2.2,3.0,-99.0
489360,2006,304,20500,24.0,32.0,2.2,3.1,0.1
489360,2006,305,20100,23.8,32.0,2.2,1.4,8.7
489360,2006,306,20200,23.5,32.2,2.2,1.2,-99.0
489360,2006,307,20900,23.9,32.2,2.2,1.5,7.4
489360,2006,308,23800,23.9,32.4,2.2,1.0,-99.0
489360,2006,309,24000,23.3,32.0,2.1,1.3,-99.0
489360,2006,310,21900,23.3,31.4,2.2,1.3,-99.0
489360,2006,311,11700,23.2,31.7,2.4,1.5,17.1
489360,2006,312,22100,23.4,31.8,2.1,1.8,3.5
489360,2006,313,24000,23.5,32.3,2.5,1.3,-99.0
489360,2006,314,24200,23.5,32.5,2.4,1.2,2.7
489360,2006,315,22800,23.7,32.4,2.7,1.9,-99.0
489360,2006,316,23200,23.6,32.2,2.4,1.7,-99.0
489360,2006,317,23800,23.6,32.3,2.4,1.9,0.1
489360,2006,318,16900,23.9,32.0,2.6,0.9,-99.0
489360,2006,319,23100,23.8,32.2,2.5,1.1,5.6
489360,2006,320,19900,23.7,31.8,2.3,3.1,2.7
489360,2006,321,21300,23.6,31.8,2.4,3.5,3.5
489360,2006,322,21500,24.0,32.9,2.6,2.7,1.3
489360,2006,323,20800,23.9,32.4,2.6,3.4,-99.0
489360,2006,324,21700,23.8,31.9,2.4,4.2,-99.0
489360,2006,325,22400,24.0,32.1,2.5,2.3,-99.0
489360,2006,326,22800,24.1,32.3,2.6,1.8,-99.0
489360,2006,327,23600,24.4,32.1,2.5,3.2,-99.0
489360,2006,328,21900,24.1,32.5,2.5,2.1,-99.0
489360,2006,329,21300,24.2,31.7,2.7,3.0,-99.0
489360,2006,330,22100,23.9,31.7,2.5,2.5,-99.0
489360,2006,331,23200,23.5,31.8,2.6,1.6,-99.0
489360,2006,332,21300,23.6,32.2,2.6,1.7,-99.0
489360,2006,333,21500,23.9,32.3,2.3,2.1,-99.0
489360,2006,334,22000,24.1,32.3,2.3,1.8,-99.0
489360,2006,335,22700,23.7,32.4,2.4,2.4,-99.0
489360,2006,336,15500,23.9,32.1,2.5,1.8,5.8
489360,2006,337,22700,23.5,32.4,2.3,2.3,-99.0
489360,2006,338,22300,23.5,32.2,2.3,1.5,2.6
489360,2006,339,21000,23.8,31.7,2.6,1.5,-99.0
489360,2006,340,20500,23.7,30.8,2.6,1.4,-99.0
489360,2006,341,19100,23.7,31.1,2.6,2.1,4.4
489360,2006,342,23100,23.3,31.9,2.5,2.6,-99.0
489360,2006,343,21500,23.9,32.1,2.4,2.3,-99.0
489360,2006,344,19400,23.9,32.1,2.4,3.2,-99.0
489360,2006,345,23200,23.4,32.7,2.5,2.7,-99.0
489360,2006,346,22200,23.5,32.3,2.6,2.3,-99.0
489360,2006,347,22800,23.6,32.6,2.5,1.7,-99.0
489360,2006,348,19700,23.9,32.4,2.6,2.1,1.6
489360,2006,349,22600,24.1,32.0,2.6,3.0,-99.0
489360,2006,350,20100,24.6,32.5,2.6,3.1,-99.0
489360,2006,351,21000,24.6,32.7,2.6,2.8,-99.0
489360,2006,352,20400,24.1,32.2,2.5,2.7,2.8
489360,2006,353,18000,24.3,32.3,2.7,2.2,-99.0
489360,2006,354,19800,24.3,32.0,2.6,3.0,-99.0
489360,2006,355,21400,24.0,30.9,2.4,2.7,-99.0
489360,2006,356,21200,23.8,32.4,2.4,2.5,-99.0
489360,2006,357,21500,24.0,32.4,2.5,3.8,3.0
489360,2006,358,22500,24.0,32.2,2.5,4.0,-99.0
489360,2006,359,18200,24.2,32.2,2.5,3.0,-99.0
489360,2006,360,21500,24.4,31.5,2.6,1.7,-99.0
489360,2006,361,21400,24.7,31.8,2.7,3.1,2.6
489360,2006,362,17100,24.9,30.4,2.8,3.9,79.0
489360,2006,363,20300,24.6,30.6,2.9,2.4,-99.0
489360,2006,364,11200,23.9,29.8,2.6,3.5,40.1
489360,2006,365,7800,24.1,30.6,2.6,2.4,7.3
